round,sensor_id,aoi_before,aoi_after,visited
1,1,0,19,0
1,2,0,19,0
1,3,0,19,0
1,4,0,1,1
1,5,0,19,0
1,6,0,19,0
1,7,0,19,0
1,8,0,15,1
1,9,0,19,0
1,10,0,19,0
1,11,0,19,0
1,12,0,19,0
1,13,0,19,0
1,14,0,19,0
1,15,0,19,0
1,16,0,19,0
1,17,0,19,0
1,18,0,19,0
1,19,0,19,0
1,20,0,19,0
1,21,0,19,0
1,22,0,19,0
1,23,0,19,0
1,24,0,19,0
1,25,0,19,0
1,26,0,19,0
1,27,0,19,0
1,28,0,19,0
1,29,0,19,0
1,30,0,9,1
1,31,0,19,0
1,32,0,19,0
1,33,0,19,0
1,34,0,19,0
1,35,0,19,0
1,36,0,19,0
1,37,0,19,0
1,38,0,19,0
1,39,0,19,0
1,40,0,19,0
1,41,0,19,0
1,42,0,19,0
1,43,0,19,0
1,44,0,19,0
1,45,0,19,0
1,46,0,19,0
1,47,0,19,0
1,48,0,19,0
1,49,0,19,0
1,50,0,19,0
1,51,0,19,0
1,52,0,3,1
1,53,0,19,0
1,54,0,19,0
1,55,0,19,0
1,56,0,19,0
1,57,0,19,0
1,58,0,19,0
1,59,0,19,0
1,60,0,19,0
1,61,0,19,0
1,62,0,19,0
1,63,0,19,0
1,64,0,19,0
1,65,0,19,0
1,66,0,19,0
1,67,0,19,0
1,68,0,19,0
1,69,0,19,0
1,70,0,19,0
1,71,0,19,0
1,72,0,19,0
1,73,0,19,0
1,74,0,19,0
1,75,0,19,0
1,76,0,5,1
1,77,0,19,0
1,78,0,19,0
1,79,0,19,0
1,80,0,19,0
1,81,0,19,0
1,82,0,7,1
1,83,0,19,0
1,84,0,19,0
1,85,0,19,0
1,86,0,19,0
1,87,0,19,0
1,88,0,19,0
1,89,0,19,0
1,90,0,19,0
1,91,0,19,0
1,92,0,19,0
1,93,0,19,0
1,94,0,19,0
1,95,0,19,0
1,96,0,19,0
1,97,0,19,0
1,98,0,19,0
1,99,0,19,0
1,100,0,19,0
1,101,0,19,0
1,102,0,19,0
1,103,0,19,0
1,104,0,19,0
1,105,0,17,1
1,106,0,19,0
1,107,0,19,0
1,108,0,19,0
1,109,0,19,0
1,110,0,19,0
1,111,0,19,0
1,112,0,11,1
1,113,0,19,0
1,114,0,19,0
1,115,0,19,0
1,116,0,19,0
1,117,0,19,0
1,118,0,19,0
1,119,0,19,0
1,120,0,19,0
1,121,0,19,0
1,122,0,19,0
1,123,0,19,0
1,124,0,19,0
1,125,0,19,0
1,126,0,19,0
1,127,0,19,0
1,128,0,19,0
1,129,0,19,0
1,130,0,19,0
1,131,0,19,0
1,132,0,19,0
1,133,0,19,0
1,134,0,19,0
1,135,0,19,0
1,136,0,19,0
1,137,0,19,0
1,138,0,19,0
1,139,0,19,0
1,140,0,19,0
1,141,0,19,0
1,142,0,19,0
1,143,0,19,0
1,144,0,19,0
1,145,0,19,0
1,146,0,19,0
1,147,0,19,0
1,148,0,19,0
1,149,0,19,0
1,150,0,19,0
1,151,0,19,0
1,152,0,19,0
1,153,0,19,0
1,154,0,19,0
1,155,0,19,0
1,156,0,13,1
1,157,0,19,0
1,158,0,19,0
1,159,0,19,0
1,160,0,19,0
1,161,0,19,0
1,162,0,19,0
1,163,0,19,0
1,164,0,19,0
1,165,0,19,0
1,166,0,19,0
1,167,0,19,0
1,168,0,19,0
1,169,0,19,0
1,170,0,19,0
1,171,0,19,0
1,172,0,19,0
1,173,0,19,0
1,174,0,19,0
1,175,0,19,0
1,176,0,19,0
1,177,0,19,0
1,178,0,19,0
1,179,0,19,0
1,180,0,19,0
1,181,0,19,0
1,182,0,19,0
1,183,0,19,0
1,184,0,19,0
1,185,0,19,0
1,186,0,19,0
1,187,0,19,0
1,188,0,19,0
1,189,0,19,0
1,190,0,19,0
1,191,0,19,0
1,192,0,19,0
1,193,0,19,0
1,194,0,19,0
1,195,0,19,0
1,196,0,19,0
1,197,0,19,0
1,198,0,19,0
1,199,0,19,0
1,200,0,19,0
2,1,19,38,0
2,2,19,38,0
2,3,19,38,0
2,4,1,20,0
2,5,19,38,0
2,6,19,38,0
2,7,19,38,0
2,8,15,34,0
2,9,19,38,0
2,10,19,15,1
2,11,19,38,0
2,12,19,38,0
2,13,19,38,0
2,14,19,38,0
2,15,19,38,0
2,16,19,38,0
2,17,19,38,0
2,18,19,38,0
2,19,19,38,0
2,20,19,38,0
2,21,19,38,0
2,22,19,38,0
2,23,19,38,0
2,24,19,38,0
2,25,19,38,0
2,26,19,38,0
2,27,19,38,0
2,28,19,38,0
2,29,19,38,0
2,30,9,28,0
2,31,19,38,0
2,32,19,38,0
2,33,19,17,1
2,34,19,38,0
2,35,19,38,0
2,36,19,38,0
2,37,19,38,0
2,38,19,38,0
2,39,19,1,1
2,40,19,38,0
2,41,19,38,0
2,42,19,38,0
2,43,19,38,0
2,44,19,38,0
2,45,19,38,0
2,46,19,38,0
2,47,19,38,0
2,48,19,38,0
2,49,19,38,0
2,50,19,38,0
2,51,19,38,0
2,52,3,22,0
2,53,19,38,0
2,54,19,38,0
2,55,19,38,0
2,56,19,38,0
2,57,19,38,0
2,58,19,38,0
2,59,19,38,0
2,60,19,38,0
2,61,19,38,0
2,62,19,38,0
2,63,19,38,0
2,64,19,38,0
2,65,19,38,0
2,66,19,38,0
2,67,19,38,0
2,68,19,38,0
2,69,19,38,0
2,70,19,38,0
2,71,19,38,0
2,72,19,38,0
2,73,19,38,0
2,74,19,38,0
2,75,19,3,1
2,76,5,24,0
2,77,19,38,0
2,78,19,38,0
2,79,19,38,0
2,80,19,38,0
2,81,19,38,0
2,82,7,26,0
2,83,19,38,0
2,84,19,38,0
2,85,19,38,0
2,86,19,38,0
2,87,19,38,0
2,88,19,38,0
2,89,19,38,0
2,90,19,38,0
2,91,19,38,0
2,92,19,38,0
2,93,19,38,0
2,94,19,38,0
2,95,19,38,0
2,96,19,38,0
2,97,19,38,0
2,98,19,38,0
2,99,19,38,0
2,100,19,38,0
2,101,19,38,0
2,102,19,38,0
2,103,19,38,0
2,104,19,38,0
2,105,17,36,0
2,106,19,5,1
2,107,19,38,0
2,108,19,38,0
2,109,19,38,0
2,110,19,38,0
2,111,19,38,0
2,112,11,30,0
2,113,19,38,0
2,114,19,38,0
2,115,19,38,0
2,116,19,38,0
2,117,19,38,0
2,118,19,38,0
2,119,19,38,0
2,120,19,38,0
2,121,19,38,0
2,122,19,38,0
2,123,19,38,0
2,124,19,38,0
2,125,19,38,0
2,126,19,38,0
2,127,19,38,0
2,128,19,38,0
2,129,19,38,0
2,130,19,38,0
2,131,19,9,1
2,132,19,38,0
2,133,19,38,0
2,134,19,7,1
2,135,19,13,1
2,136,19,38,0
2,137,19,38,0
2,138,19,38,0
2,139,19,38,0
2,140,19,38,0
2,141,19,38,0
2,142,19,38,0
2,143,19,38,0
2,144,19,38,0
2,145,19,38,0
2,146,19,38,0
2,147,19,38,0
2,148,19,38,0
2,149,19,38,0
2,150,19,38,0
2,151,19,38,0
2,152,19,38,0
2,153,19,38,0
2,154,19,38,0
2,155,19,38,0
2,156,13,32,0
2,157,19,38,0
2,158,19,38,0
2,159,19,38,0
2,160,19,38,0
2,161,19,38,0
2,162,19,38,0
2,163,19,38,0
2,164,19,38,0
2,165,19,38,0
2,166,19,38,0
2,167,19,38,0
2,168,19,38,0
2,169,19,11,1
2,170,19,38,0
2,171,19,38,0
2,172,19,38,0
2,173,19,38,0
2,174,19,38,0
2,175,19,38,0
2,176,19,38,0
2,177,19,38,0
2,178,19,38,0
2,179,19,38,0
2,180,19,38,0
2,181,19,38,0
2,182,19,38,0
2,183,19,38,0
2,184,19,38,0
2,185,19,38,0
2,186,19,38,0
2,187,19,38,0
2,188,19,38,0
2,189,19,38,0
2,190,19,38,0
2,191,19,38,0
2,192,19,38,0
2,193,19,38,0
2,194,19,38,0
2,195,19,38,0
2,196,19,38,0
2,197,19,38,0
2,198,19,38,0
2,199,19,38,0
2,200,19,38,0
3,1,38,17,1
3,2,38,57,0
3,3,38,57,0
3,4,20,39,0
3,5,38,57,0
3,6,38,57,0
3,7,38,57,0
3,8,34,53,0
3,9,38,57,0
3,10,15,34,0
3,11,38,57,0
3,12,38,57,0
3,13,38,57,0
3,14,38,57,0
3,15,38,57,0
3,16,38,57,0
3,17,38,57,0
3,18,38,57,0
3,19,38,57,0
3,20,38,57,0
3,21,38,57,0
3,22,38,57,0
3,23,38,57,0
3,24,38,57,0
3,25,38,57,0
3,26,38,57,0
3,27,38,9,1
3,28,38,57,0
3,29,38,57,0
3,30,28,47,0
3,31,38,57,0
3,32,38,57,0
3,33,17,36,0
3,34,38,57,0
3,35,38,15,1
3,36,38,57,0
3,37,38,57,0
3,38,38,57,0
3,39,1,20,0
3,40,38,57,0
3,41,38,57,0
3,42,38,57,0
3,43,38,57,0
3,44,38,57,0
3,45,38,57,0
3,46,38,57,0
3,47,38,57,0
3,48,38,57,0
3,49,38,57,0
3,50,38,57,0
3,51,38,57,0
3,52,22,41,0
3,53,38,57,0
3,54,38,57,0
3,55,38,13,1
3,56,38,57,0
3,57,38,57,0
3,58,38,57,0
3,59,38,57,0
3,60,38,57,0
3,61,38,57,0
3,62,38,57,0
3,63,38,57,0
3,64,38,57,0
3,65,38,57,0
3,66,38,57,0
3,67,38,57,0
3,68,38,57,0
3,69,38,57,0
3,70,38,57,0
3,71,38,57,0
3,72,38,57,0
3,73,38,57,0
3,74,38,57,0
3,75,3,22,0
3,76,24,43,0
3,77,38,57,0
3,78,38,57,0
3,79,38,57,0
3,80,38,57,0
3,81,38,57,0
3,82,26,45,0
3,83,38,57,0
3,84,38,57,0
3,85,38,57,0
3,86,38,57,0
3,87,38,57,0
3,88,38,57,0
3,89,38,57,0
3,90,38,57,0
3,91,38,57,0
3,92,38,57,0
3,93,38,57,0
3,94,38,57,0
3,95,38,57,0
3,96,38,57,0
3,97,38,57,0
3,98,38,57,0
3,99,38,57,0
3,100,38,57,0
3,101,38,57,0
3,102,38,57,0
3,103,38,5,1
3,104,38,57,0
3,105,36,55,0
3,106,5,24,0
3,107,38,57,0
3,108,38,57,0
3,109,38,57,0
3,110,38,57,0
3,111,38,57,0
3,112,30,49,0
3,113,38,57,0
3,114,38,57,0
3,115,38,57,0
3,116,38,57,0
3,117,38,57,0
3,118,38,57,0
3,119,38,57,0
3,120,38,57,0
3,121,38,57,0
3,122,38,57,0
3,123,38,7,1
3,124,38,57,0
3,125,38,57,0
3,126,38,57,0
3,127,38,57,0
3,128,38,57,0
3,129,38,57,0
3,130,38,57,0
3,131,9,28,0
3,132,38,57,0
3,133,38,57,0
3,134,7,26,0
3,135,13,32,0
3,136,38,57,0
3,137,38,57,0
3,138,38,57,0
3,139,38,57,0
3,140,38,57,0
3,141,38,57,0
3,142,38,57,0
3,143,38,57,0
3,144,38,57,0
3,145,38,57,0
3,146,38,57,0
3,147,38,57,0
3,148,38,57,0
3,149,38,57,0
3,150,38,57,0
3,151,38,57,0
3,152,38,57,0
3,153,38,57,0
3,154,38,57,0
3,155,38,57,0
3,156,32,51,0
3,157,38,57,0
3,158,38,57,0
3,159,38,57,0
3,160,38,57,0
3,161,38,57,0
3,162,38,57,0
3,163,38,57,0
3,164,38,57,0
3,165,38,57,0
3,166,38,57,0
3,167,38,57,0
3,168,38,57,0
3,169,11,30,0
3,170,38,57,0
3,171,38,57,0
3,172,38,1,1
3,173,38,57,0
3,174,38,57,0
3,175,38,57,0
3,176,38,57,0
3,177,38,57,0
3,178,38,57,0
3,179,38,57,0
3,180,38,57,0
3,181,38,57,0
3,182,38,57,0
3,183,38,57,0
3,184,38,57,0
3,185,38,57,0
3,186,38,11,1
3,187,38,57,0
3,188,38,57,0
3,189,38,57,0
3,190,38,57,0
3,191,38,57,0
3,192,38,57,0
3,193,38,3,1
3,194,38,57,0
3,195,38,57,0
3,196,38,57,0
3,197,38,57,0
3,198,38,57,0
3,199,38,57,0
3,200,38,57,0
4,1,17,36,0
4,2,57,76,0
4,3,57,76,0
4,4,39,58,0
4,5,57,76,0
4,6,57,11,1
4,7,57,76,0
4,8,53,3,1
4,9,57,76,0
4,10,34,53,0
4,11,57,76,0
4,12,57,76,0
4,13,57,76,0
4,14,57,76,0
4,15,57,76,0
4,16,57,76,0
4,17,57,76,0
4,18,57,76,0
4,19,57,76,0
4,20,57,76,0
4,21,57,76,0
4,22,57,76,0
4,23,57,76,0
4,24,57,76,0
4,25,57,76,0
4,26,57,76,0
4,27,9,28,0
4,28,57,76,0
4,29,57,76,0
4,30,47,66,0
4,31,57,76,0
4,32,57,76,0
4,33,36,55,0
4,34,57,76,0
4,35,15,34,0
4,36,57,76,0
4,37,57,76,0
4,38,57,76,0
4,39,20,39,0
4,40,57,76,0
4,41,57,76,0
4,42,57,76,0
4,43,57,76,0
4,44,57,76,0
4,45,57,76,0
4,46,57,76,0
4,47,57,76,0
4,48,57,15,1
4,49,57,76,0
4,50,57,76,0
4,51,57,76,0
4,52,41,60,0
4,53,57,76,0
4,54,57,76,0
4,55,13,32,0
4,56,57,76,0
4,57,57,76,0
4,58,57,76,0
4,59,57,76,0
4,60,57,76,0
4,61,57,76,0
4,62,57,76,0
4,63,57,76,0
4,64,57,76,0
4,65,57,76,0
4,66,57,76,0
4,67,57,76,0
4,68,57,76,0
4,69,57,76,0
4,70,57,76,0
4,71,57,76,0
4,72,57,76,0
4,73,57,76,0
4,74,57,76,0
4,75,22,41,0
4,76,43,62,0
4,77,57,76,0
4,78,57,76,0
4,79,57,17,1
4,80,57,76,0
4,81,57,76,0
4,82,45,64,0
4,83,57,76,0
4,84,57,76,0
4,85,57,76,0
4,86,57,76,0
4,87,57,76,0
4,88,57,76,0
4,89,57,76,0
4,90,57,76,0
4,91,57,76,0
4,92,57,76,0
4,93,57,76,0
4,94,57,76,0
4,95,57,76,0
4,96,57,76,0
4,97,57,76,0
4,98,57,76,0
4,99,57,76,0
4,100,57,76,0
4,101,57,76,0
4,102,57,76,0
4,103,5,24,0
4,104,57,76,0
4,105,55,5,1
4,106,24,43,0
4,107,57,76,0
4,108,57,76,0
4,109,57,76,0
4,110,57,76,0
4,111,57,76,0
4,112,49,68,0
4,113,57,76,0
4,114,57,13,1
4,115,57,76,0
4,116,57,76,0
4,117,57,76,0
4,118,57,76,0
4,119,57,76,0
4,120,57,76,0
4,121,57,76,0
4,122,57,76,0
4,123,7,26,0
4,124,57,76,0
4,125,57,76,0
4,126,57,76,0
4,127,57,76,0
4,128,57,76,0
4,129,57,76,0
4,130,57,76,0
4,131,28,47,0
4,132,57,76,0
4,133,57,76,0
4,134,26,45,0
4,135,32,51,0
4,136,57,76,0
4,137,57,76,0
4,138,57,76,0
4,139,57,76,0
4,140,57,76,0
4,141,57,76,0
4,142,57,76,0
4,143,57,76,0
4,144,57,76,0
4,145,57,76,0
4,146,57,76,0
4,147,57,76,0
4,148,57,76,0
4,149,57,76,0
4,150,57,76,0
4,151,57,76,0
4,152,57,76,0
4,153,57,76,0
4,154,57,76,0
4,155,57,76,0
4,156,51,1,1
4,157,57,76,0
4,158,57,76,0
4,159,57,76,0
4,160,57,76,0
4,161,57,76,0
4,162,57,76,0
4,163,57,76,0
4,164,57,76,0
4,165,57,76,0
4,166,57,76,0
4,167,57,76,0
4,168,57,9,1
4,169,30,49,0
4,170,57,76,0
4,171,57,76,0
4,172,1,20,0
4,173,57,76,0
4,174,57,76,0
4,175,57,76,0
4,176,57,76,0
4,177,57,76,0
4,178,57,76,0
4,179,57,76,0
4,180,57,76,0
4,181,57,76,0
4,182,57,76,0
4,183,57,76,0
4,184,57,76,0
4,185,57,76,0
4,186,11,30,0
4,187,57,76,0
4,188,57,76,0
4,189,57,76,0
4,190,57,76,0
4,191,57,76,0
4,192,57,76,0
4,193,3,22,0
4,194,57,76,0
4,195,57,76,0
4,196,57,76,0
4,197,57,76,0
4,198,57,76,0
4,199,57,7,1
4,200,57,76,0
5,1,36,55,0
5,2,76,95,0
5,3,76,95,0
5,4,58,5,1
5,5,76,95,0
5,6,11,30,0
5,7,76,95,0
5,8,3,22,0
5,9,76,95,0
5,10,53,1,1
5,11,76,95,0
5,12,76,95,0
5,13,76,95,0
5,14,76,95,0
5,15,76,95,0
5,16,76,95,0
5,17,76,95,0
5,18,76,95,0
5,19,76,95,0
5,20,76,95,0
5,21,76,95,0
5,22,76,95,0
5,23,76,95,0
5,24,76,95,0
5,25,76,95,0
5,26,76,95,0
5,27,28,47,0
5,28,76,95,0
5,29,76,95,0
5,30,66,13,1
5,31,76,95,0
5,32,76,95,0
5,33,55,3,1
5,34,76,95,0
5,35,34,53,0
5,36,76,95,0
5,37,76,95,0
5,38,76,95,0
5,39,39,58,0
5,40,76,95,0
5,41,76,95,0
5,42,76,95,0
5,43,76,95,0
5,44,76,95,0
5,45,76,95,0
5,46,76,95,0
5,47,76,95,0
5,48,15,34,0
5,49,76,95,0
5,50,76,17,1
5,51,76,95,0
5,52,60,7,1
5,53,76,95,0
5,54,76,95,0
5,55,32,51,0
5,56,76,95,0
5,57,76,95,0
5,58,76,95,0
5,59,76,95,0
5,60,76,95,0
5,61,76,95,0
5,62,76,95,0
5,63,76,95,0
5,64,76,95,0
5,65,76,95,0
5,66,76,95,0
5,67,76,95,0
5,68,76,95,0
5,69,76,95,0
5,70,76,95,0
5,71,76,95,0
5,72,76,95,0
5,73,76,95,0
5,74,76,95,0
5,75,41,60,0
5,76,62,9,1
5,77,76,95,0
5,78,76,95,0
5,79,17,36,0
5,80,76,95,0
5,81,76,95,0
5,82,64,11,1
5,83,76,95,0
5,84,76,95,0
5,85,76,95,0
5,86,76,95,0
5,87,76,95,0
5,88,76,95,0
5,89,76,95,0
5,90,76,95,0
5,91,76,95,0
5,92,76,95,0
5,93,76,95,0
5,94,76,95,0
5,95,76,95,0
5,96,76,95,0
5,97,76,95,0
5,98,76,95,0
5,99,76,95,0
5,100,76,95,0
5,101,76,95,0
5,102,76,95,0
5,103,24,43,0
5,104,76,95,0
5,105,5,24,0
5,106,43,62,0
5,107,76,95,0
5,108,76,95,0
5,109,76,95,0
5,110,76,95,0
5,111,76,95,0
5,112,68,15,1
5,113,76,95,0
5,114,13,32,0
5,115,76,95,0
5,116,76,95,0
5,117,76,95,0
5,118,76,95,0
5,119,76,95,0
5,120,76,95,0
5,121,76,95,0
5,122,76,95,0
5,123,26,45,0
5,124,76,95,0
5,125,76,95,0
5,126,76,95,0
5,127,76,95,0
5,128,76,95,0
5,129,76,95,0
5,130,76,95,0
5,131,47,66,0
5,132,76,95,0
5,133,76,95,0
5,134,45,64,0
5,135,51,70,0
5,136,76,95,0
5,137,76,95,0
5,138,76,95,0
5,139,76,95,0
5,140,76,95,0
5,141,76,95,0
5,142,76,95,0
5,143,76,95,0
5,144,76,95,0
5,145,76,95,0
5,146,76,95,0
5,147,76,95,0
5,148,76,95,0
5,149,76,95,0
5,150,76,95,0
5,151,76,95,0
5,152,76,95,0
5,153,76,95,0
5,154,76,95,0
5,155,76,95,0
5,156,1,20,0
5,157,76,95,0
5,158,76,95,0
5,159,76,95,0
5,160,76,95,0
5,161,76,95,0
5,162,76,95,0
5,163,76,95,0
5,164,76,95,0
5,165,76,95,0
5,166,76,95,0
5,167,76,95,0
5,168,9,28,0
5,169,49,68,0
5,170,76,95,0
5,171,76,95,0
5,172,20,39,0
5,173,76,95,0
5,174,76,95,0
5,175,76,95,0
5,176,76,95,0
5,177,76,95,0
5,178,76,95,0
5,179,76,95,0
5,180,76,95,0
5,181,76,95,0
5,182,76,95,0
5,183,76,95,0
5,184,76,95,0
5,185,76,95,0
5,186,30,49,0
5,187,76,95,0
5,188,76,95,0
5,189,76,95,0
5,190,76,95,0
5,191,76,95,0
5,192,76,95,0
5,193,22,41,0
5,194,76,95,0
5,195,76,95,0
5,196,76,95,0
5,197,76,95,0
5,198,76,95,0
5,199,7,26,0
5,200,76,95,0
6,1,55,3,1
6,2,95,114,0
6,3,95,114,0
6,4,5,24,0
6,5,95,114,0
6,6,30,49,0
6,7,95,114,0
6,8,22,41,0
6,9,95,114,0
6,10,1,20,0
6,11,95,114,0
6,12,95,114,0
6,13,95,114,0
6,14,95,114,0
6,15,95,114,0
6,16,95,114,0
6,17,95,114,0
6,18,95,114,0
6,19,95,114,0
6,20,95,114,0
6,21,95,114,0
6,22,95,114,0
6,23,95,114,0
6,24,95,114,0
6,25,95,114,0
6,26,95,114,0
6,27,47,66,0
6,28,95,114,0
6,29,95,114,0
6,30,13,32,0
6,31,95,114,0
6,32,95,114,0
6,33,3,22,0
6,34,95,114,0
6,35,53,1,1
6,36,95,114,0
6,37,95,114,0
6,38,95,114,0
6,39,58,5,1
6,40,95,114,0
6,41,95,114,0
6,42,95,114,0
6,43,95,114,0
6,44,95,114,0
6,45,95,114,0
6,46,95,114,0
6,47,95,114,0
6,48,34,53,0
6,49,95,114,0
6,50,17,36,0
6,51,95,114,0
6,52,7,26,0
6,53,95,114,0
6,54,95,114,0
6,55,51,70,0
6,56,95,114,0
6,57,95,114,0
6,58,95,114,0
6,59,95,114,0
6,60,95,114,0
6,61,95,114,0
6,62,95,114,0
6,63,95,114,0
6,64,95,114,0
6,65,95,114,0
6,66,95,114,0
6,67,95,114,0
6,68,95,114,0
6,69,95,114,0
6,70,95,114,0
6,71,95,114,0
6,72,95,114,0
6,73,95,114,0
6,74,95,114,0
6,75,60,7,1
6,76,9,28,0
6,77,95,114,0
6,78,95,114,0
6,79,36,55,0
6,80,95,114,0
6,81,95,114,0
6,82,11,30,0
6,83,95,114,0
6,84,95,114,0
6,85,95,114,0
6,86,95,114,0
6,87,95,114,0
6,88,95,114,0
6,89,95,114,0
6,90,95,114,0
6,91,95,114,0
6,92,95,114,0
6,93,95,114,0
6,94,95,114,0
6,95,95,114,0
6,96,95,114,0
6,97,95,114,0
6,98,95,114,0
6,99,95,114,0
6,100,95,114,0
6,101,95,114,0
6,102,95,114,0
6,103,43,62,0
6,104,95,114,0
6,105,24,43,0
6,106,62,9,1
6,107,95,114,0
6,108,95,114,0
6,109,95,114,0
6,110,95,114,0
6,111,95,114,0
6,112,15,34,0
6,113,95,114,0
6,114,32,51,0
6,115,95,114,0
6,116,95,114,0
6,117,95,114,0
6,118,95,114,0
6,119,95,114,0
6,120,95,114,0
6,121,95,114,0
6,122,95,114,0
6,123,45,64,0
6,124,95,114,0
6,125,95,114,0
6,126,95,114,0
6,127,95,114,0
6,128,95,114,0
6,129,95,114,0
6,130,95,114,0
6,131,66,13,1
6,132,95,114,0
6,133,95,114,0
6,134,64,11,1
6,135,70,17,1
6,136,95,114,0
6,137,95,114,0
6,138,95,114,0
6,139,95,114,0
6,140,95,114,0
6,141,95,114,0
6,142,95,114,0
6,143,95,114,0
6,144,95,114,0
6,145,95,114,0
6,146,95,114,0
6,147,95,114,0
6,148,95,114,0
6,149,95,114,0
6,150,95,114,0
6,151,95,114,0
6,152,95,114,0
6,153,95,114,0
6,154,95,114,0
6,155,95,114,0
6,156,20,39,0
6,157,95,114,0
6,158,95,114,0
6,159,95,114,0
6,160,95,114,0
6,161,95,114,0
6,162,95,114,0
6,163,95,114,0
6,164,95,114,0
6,165,95,114,0
6,166,95,114,0
6,167,95,114,0
6,168,28,47,0
6,169,68,15,1
6,170,95,114,0
6,171,95,114,0
6,172,39,58,0
6,173,95,114,0
6,174,95,114,0
6,175,95,114,0
6,176,95,114,0
6,177,95,114,0
6,178,95,114,0
6,179,95,114,0
6,180,95,114,0
6,181,95,114,0
6,182,95,114,0
6,183,95,114,0
6,184,95,114,0
6,185,95,114,0
6,186,49,68,0
6,187,95,114,0
6,188,95,114,0
6,189,95,114,0
6,190,95,114,0
6,191,95,114,0
6,192,95,114,0
6,193,41,60,0
6,194,95,114,0
6,195,95,114,0
6,196,95,114,0
6,197,95,114,0
6,198,95,114,0
6,199,26,45,0
6,200,95,114,0
7,1,3,22,0
7,2,114,133,0
7,3,114,133,0
7,4,24,43,0
7,5,114,133,0
7,6,49,3,1
7,7,114,133,0
7,8,41,60,0
7,9,114,133,0
7,10,20,39,0
7,11,114,133,0
7,12,114,133,0
7,13,114,133,0
7,14,114,133,0
7,15,114,133,0
7,16,114,133,0
7,17,114,133,0
7,18,114,133,0
7,19,114,133,0
7,20,114,133,0
7,21,114,133,0
7,22,114,133,0
7,23,114,133,0
7,24,114,133,0
7,25,114,133,0
7,26,114,133,0
7,27,66,13,1
7,28,114,133,0
7,29,114,133,0
7,30,32,51,0
7,31,114,133,0
7,32,114,133,0
7,33,22,41,0
7,34,114,133,0
7,35,1,20,0
7,36,114,133,0
7,37,114,133,0
7,38,114,133,0
7,39,5,24,0
7,40,114,133,0
7,41,114,133,0
7,42,114,133,0
7,43,114,133,0
7,44,114,133,0
7,45,114,133,0
7,46,114,133,0
7,47,114,133,0
7,48,53,7,1
7,49,114,133,0
7,50,36,55,0
7,51,114,133,0
7,52,26,45,0
7,53,114,133,0
7,54,114,133,0
7,55,70,17,1
7,56,114,133,0
7,57,114,133,0
7,58,114,133,0
7,59,114,133,0
7,60,114,133,0
7,61,114,133,0
7,62,114,133,0
7,63,114,133,0
7,64,114,133,0
7,65,114,133,0
7,66,114,133,0
7,67,114,133,0
7,68,114,133,0
7,69,114,133,0
7,70,114,133,0
7,71,114,133,0
7,72,114,133,0
7,73,114,133,0
7,74,114,133,0
7,75,7,26,0
7,76,28,47,0
7,77,114,133,0
7,78,114,133,0
7,79,55,9,1
7,80,114,133,0
7,81,114,133,0
7,82,30,49,0
7,83,114,133,0
7,84,114,133,0
7,85,114,133,0
7,86,114,133,0
7,87,114,133,0
7,88,114,133,0
7,89,114,133,0
7,90,114,133,0
7,91,114,133,0
7,92,114,133,0
7,93,114,133,0
7,94,114,133,0
7,95,114,133,0
7,96,114,133,0
7,97,114,133,0
7,98,114,133,0
7,99,114,133,0
7,100,114,133,0
7,101,114,133,0
7,102,114,133,0
7,103,62,81,0
7,104,114,133,0
7,105,43,62,0
7,106,9,28,0
7,107,114,133,0
7,108,114,133,0
7,109,114,133,0
7,110,114,133,0
7,111,114,133,0
7,112,34,53,0
7,113,114,133,0
7,114,51,5,1
7,115,114,133,0
7,116,114,133,0
7,117,114,133,0
7,118,114,133,0
7,119,114,133,0
7,120,114,133,0
7,121,114,133,0
7,122,114,133,0
7,123,64,11,1
7,124,114,133,0
7,125,114,133,0
7,126,114,133,0
7,127,114,133,0
7,128,114,133,0
7,129,114,133,0
7,130,114,133,0
7,131,13,32,0
7,132,114,133,0
7,133,114,133,0
7,134,11,30,0
7,135,17,36,0
7,136,114,133,0
7,137,114,133,0
7,138,114,133,0
7,139,114,133,0
7,140,114,133,0
7,141,114,133,0
7,142,114,133,0
7,143,114,133,0
7,144,114,133,0
7,145,114,133,0
7,146,114,133,0
7,147,114,133,0
7,148,114,133,0
7,149,114,133,0
7,150,114,133,0
7,151,114,133,0
7,152,114,133,0
7,153,114,133,0
7,154,114,133,0
7,155,114,133,0
7,156,39,58,0
7,157,114,133,0
7,158,114,133,0
7,159,114,133,0
7,160,114,133,0
7,161,114,133,0
7,162,114,133,0
7,163,114,133,0
7,164,114,133,0
7,165,114,133,0
7,166,114,133,0
7,167,114,133,0
7,168,47,1,1
7,169,15,34,0
7,170,114,133,0
7,171,114,133,0
7,172,58,77,0
7,173,114,133,0
7,174,114,133,0
7,175,114,133,0
7,176,114,133,0
7,177,114,133,0
7,178,114,133,0
7,179,114,133,0
7,180,114,133,0
7,181,114,133,0
7,182,114,133,0
7,183,114,133,0
7,184,114,133,0
7,185,114,133,0
7,186,68,15,1
7,187,114,133,0
7,188,114,133,0
7,189,114,133,0
7,190,114,133,0
7,191,114,133,0
7,192,114,133,0
7,193,60,79,0
7,194,114,133,0
7,195,114,133,0
7,196,114,133,0
7,197,114,133,0
7,198,114,133,0
7,199,45,64,0
7,200,114,133,0
8,1,22,41,0
8,2,133,152,0
8,3,133,152,0
8,4,43,62,0
8,5,133,152,0
8,6,3,22,0
8,7,133,152,0
8,8,60,15,1
8,9,133,152,0
8,10,39,58,0
8,11,133,152,0
8,12,133,152,0
8,13,133,152,0
8,14,133,152,0
8,15,133,152,0
8,16,133,152,0
8,17,133,152,0
8,18,133,152,0
8,19,133,152,0
8,20,133,152,0
8,21,133,152,0
8,22,133,152,0
8,23,133,152,0
8,24,133,152,0
8,25,133,152,0
8,26,133,152,0
8,27,13,32,0
8,28,133,152,0
8,29,133,152,0
8,30,51,7,1
8,31,133,152,0
8,32,133,152,0
8,33,41,60,0
8,34,133,152,0
8,35,20,39,0
8,36,133,152,0
8,37,133,152,0
8,38,133,152,0
8,39,24,43,0
8,40,133,152,0
8,41,133,152,0
8,42,133,152,0
8,43,133,152,0
8,44,133,152,0
8,45,133,152,0
8,46,133,152,0
8,47,133,152,0
8,48,7,26,0
8,49,133,152,0
8,50,55,11,1
8,51,133,152,0
8,52,45,1,1
8,53,133,152,0
8,54,133,152,0
8,55,17,36,0
8,56,133,152,0
8,57,133,152,0
8,58,133,152,0
8,59,133,152,0
8,60,133,152,0
8,61,133,152,0
8,62,133,152,0
8,63,133,152,0
8,64,133,152,0
8,65,133,152,0
8,66,133,152,0
8,67,133,152,0
8,68,133,152,0
8,69,133,152,0
8,70,133,152,0
8,71,133,152,0
8,72,133,152,0
8,73,133,152,0
8,74,133,152,0
8,75,26,45,0
8,76,47,3,1
8,77,133,152,0
8,78,133,152,0
8,79,9,28,0
8,80,133,152,0
8,81,133,152,0
8,82,49,5,1
8,83,133,152,0
8,84,133,152,0
8,85,133,152,0
8,86,133,152,0
8,87,133,152,0
8,88,133,152,0
8,89,133,152,0
8,90,133,152,0
8,91,133,152,0
8,92,133,152,0
8,93,133,152,0
8,94,133,152,0
8,95,133,152,0
8,96,133,152,0
8,97,133,152,0
8,98,133,152,0
8,99,133,152,0
8,100,133,152,0
8,101,133,152,0
8,102,133,152,0
8,103,81,100,0
8,104,133,152,0
8,105,62,17,1
8,106,28,47,0
8,107,133,152,0
8,108,133,152,0
8,109,133,152,0
8,110,133,152,0
8,111,133,152,0
8,112,53,9,1
8,113,133,152,0
8,114,5,24,0
8,115,133,152,0
8,116,133,152,0
8,117,133,152,0
8,118,133,152,0
8,119,133,152,0
8,120,133,152,0
8,121,133,152,0
8,122,133,152,0
8,123,11,30,0
8,124,133,152,0
8,125,133,152,0
8,126,133,152,0
8,127,133,152,0
8,128,133,152,0
8,129,133,152,0
8,130,133,152,0
8,131,32,51,0
8,132,133,152,0
8,133,133,152,0
8,134,30,49,0
8,135,36,55,0
8,136,133,152,0
8,137,133,152,0
8,138,133,152,0
8,139,133,152,0
8,140,133,152,0
8,141,133,152,0
8,142,133,152,0
8,143,133,152,0
8,144,133,152,0
8,145,133,152,0
8,146,133,152,0
8,147,133,152,0
8,148,133,152,0
8,149,133,152,0
8,150,133,152,0
8,151,133,152,0
8,152,133,152,0
8,153,133,152,0
8,154,133,152,0
8,155,133,152,0
8,156,58,13,1
8,157,133,152,0
8,158,133,152,0
8,159,133,152,0
8,160,133,152,0
8,161,133,152,0
8,162,133,152,0
8,163,133,152,0
8,164,133,152,0
8,165,133,152,0
8,166,133,152,0
8,167,133,152,0
8,168,1,20,0
8,169,34,53,0
8,170,133,152,0
8,171,133,152,0
8,172,77,96,0
8,173,133,152,0
8,174,133,152,0
8,175,133,152,0
8,176,133,152,0
8,177,133,152,0
8,178,133,152,0
8,179,133,152,0
8,180,133,152,0
8,181,133,152,0
8,182,133,152,0
8,183,133,152,0
8,184,133,152,0
8,185,133,152,0
8,186,15,34,0
8,187,133,152,0
8,188,133,152,0
8,189,133,152,0
8,190,133,152,0
8,191,133,152,0
8,192,133,152,0
8,193,79,98,0
8,194,133,152,0
8,195,133,152,0
8,196,133,152,0
8,197,133,152,0
8,198,133,152,0
8,199,64,83,0
8,200,133,152,0
9,1,41,60,0
9,2,152,171,0
9,3,152,171,0
9,4,62,17,1
9,5,152,171,0
9,6,22,41,0
9,7,152,171,0
9,8,15,34,0
9,9,152,171,0
9,10,58,13,1
9,11,152,171,0
9,12,152,171,0
9,13,152,171,0
9,14,152,171,0
9,15,152,171,0
9,16,152,171,0
9,17,152,171,0
9,18,152,171,0
9,19,152,171,0
9,20,152,171,0
9,21,152,171,0
9,22,152,171,0
9,23,152,171,0
9,24,152,171,0
9,25,152,171,0
9,26,152,171,0
9,27,32,51,0
9,28,152,171,0
9,29,152,171,0
9,30,7,26,0
9,31,152,171,0
9,32,152,171,0
9,33,60,15,1
9,34,152,171,0
9,35,39,58,0
9,36,152,171,0
9,37,152,171,0
9,38,152,171,0
9,39,43,62,0
9,40,152,171,0
9,41,152,171,0
9,42,152,171,0
9,43,152,171,0
9,44,152,171,0
9,45,152,171,0
9,46,152,171,0
9,47,152,171,0
9,48,26,45,0
9,49,152,171,0
9,50,11,30,0
9,51,152,171,0
9,52,1,20,0
9,53,152,171,0
9,54,152,171,0
9,55,36,55,0
9,56,152,171,0
9,57,152,171,0
9,58,152,171,0
9,59,152,171,0
9,60,152,171,0
9,61,152,171,0
9,62,152,171,0
9,63,152,171,0
9,64,152,171,0
9,65,152,171,0
9,66,152,171,0
9,67,152,171,0
9,68,152,171,0
9,69,152,171,0
9,70,152,171,0
9,71,152,171,0
9,72,152,171,0
9,73,152,171,0
9,74,152,171,0
9,75,45,1,1
9,76,3,22,0
9,77,152,171,0
9,78,152,171,0
9,79,28,47,0
9,80,152,171,0
9,81,152,171,0
9,82,5,24,0
9,83,152,171,0
9,84,152,171,0
9,85,152,171,0
9,86,152,171,0
9,87,152,171,0
9,88,152,171,0
9,89,152,171,0
9,90,152,171,0
9,91,152,171,0
9,92,152,171,0
9,93,152,171,0
9,94,152,171,0
9,95,152,171,0
9,96,152,171,0
9,97,152,171,0
9,98,152,171,0
9,99,152,171,0
9,100,152,171,0
9,101,152,171,0
9,102,152,171,0
9,103,100,119,0
9,104,152,171,0
9,105,17,36,0
9,106,47,3,1
9,107,152,171,0
9,108,152,171,0
9,109,152,171,0
9,110,152,171,0
9,111,152,171,0
9,112,9,28,0
9,113,152,171,0
9,114,24,43,0
9,115,152,171,0
9,116,152,171,0
9,117,152,171,0
9,118,152,171,0
9,119,152,171,0
9,120,152,171,0
9,121,152,171,0
9,122,152,171,0
9,123,30,49,0
9,124,152,171,0
9,125,152,171,0
9,126,152,171,0
9,127,152,171,0
9,128,152,171,0
9,129,152,171,0
9,130,152,171,0
9,131,51,7,1
9,132,152,171,0
9,133,152,171,0
9,134,49,5,1
9,135,55,11,1
9,136,152,171,0
9,137,152,171,0
9,138,152,171,0
9,139,152,171,0
9,140,152,171,0
9,141,152,171,0
9,142,152,171,0
9,143,152,171,0
9,144,152,171,0
9,145,152,171,0
9,146,152,171,0
9,147,152,171,0
9,148,152,171,0
9,149,152,171,0
9,150,152,171,0
9,151,152,171,0
9,152,152,171,0
9,153,152,171,0
9,154,152,171,0
9,155,152,171,0
9,156,13,32,0
9,157,152,171,0
9,158,152,171,0
9,159,152,171,0
9,160,152,171,0
9,161,152,171,0
9,162,152,171,0
9,163,152,171,0
9,164,152,171,0
9,165,152,171,0
9,166,152,171,0
9,167,152,171,0
9,168,20,39,0
9,169,53,9,1
9,170,152,171,0
9,171,152,171,0
9,172,96,115,0
9,173,152,171,0
9,174,152,171,0
9,175,152,171,0
9,176,152,171,0
9,177,152,171,0
9,178,152,171,0
9,179,152,171,0
9,180,152,171,0
9,181,152,171,0
9,182,152,171,0
9,183,152,171,0
9,184,152,171,0
9,185,152,171,0
9,186,34,53,0
9,187,152,171,0
9,188,152,171,0
9,189,152,171,0
9,190,152,171,0
9,191,152,171,0
9,192,152,171,0
9,193,98,117,0
9,194,152,171,0
9,195,152,171,0
9,196,152,171,0
9,197,152,171,0
9,198,152,171,0
9,199,83,102,0
9,200,152,171,0
10,1,60,15,1
10,2,171,190,0
10,3,171,190,0
10,4,17,36,0
10,5,171,190,0
10,6,41,60,0
10,7,171,190,0
10,8,34,53,0
10,9,171,190,0
10,10,13,32,0
10,11,171,190,0
10,12,171,190,0
10,13,171,190,0
10,14,171,190,0
10,15,171,190,0
10,16,171,190,0
10,17,171,190,0
10,18,171,190,0
10,19,171,190,0
10,20,171,190,0
10,21,171,190,0
10,22,171,190,0
10,23,171,190,0
10,24,171,190,0
10,25,171,190,0
10,26,171,190,0
10,27,51,5,1
10,28,171,190,0
10,29,171,190,0
10,30,26,45,0
10,31,171,190,0
10,32,171,190,0
10,33,15,34,0
10,34,171,190,0
10,35,58,13,1
10,36,171,190,0
10,37,171,190,0
10,38,171,190,0
10,39,62,17,1
10,40,171,190,0
10,41,171,190,0
10,42,171,190,0
10,43,171,190,0
10,44,171,190,0
10,45,171,190,0
10,46,171,190,0
10,47,171,190,0
10,48,45,64,0
10,49,171,190,0
10,50,30,49,0
10,51,171,190,0
10,52,20,39,0
10,53,171,190,0
10,54,171,190,0
10,55,55,11,1
10,56,171,190,0
10,57,171,190,0
10,58,171,190,0
10,59,171,190,0
10,60,171,190,0
10,61,171,190,0
10,62,171,190,0
10,63,171,190,0
10,64,171,190,0
10,65,171,190,0
10,66,171,190,0
10,67,171,190,0
10,68,171,190,0
10,69,171,190,0
10,70,171,190,0
10,71,171,190,0
10,72,171,190,0
10,73,171,190,0
10,74,171,190,0
10,75,1,20,0
10,76,22,41,0
10,77,171,190,0
10,78,171,190,0
10,79,47,1,1
10,80,171,190,0
10,81,171,190,0
10,82,24,43,0
10,83,171,190,0
10,84,171,190,0
10,85,171,190,0
10,86,171,190,0
10,87,171,190,0
10,88,171,190,0
10,89,171,190,0
10,90,171,190,0
10,91,171,190,0
10,92,171,190,0
10,93,171,190,0
10,94,171,190,0
10,95,171,190,0
10,96,171,190,0
10,97,171,190,0
10,98,171,190,0
10,99,171,190,0
10,100,171,190,0
10,101,171,190,0
10,102,171,190,0
10,103,119,138,0
10,104,171,190,0
10,105,36,55,0
10,106,3,22,0
10,107,171,190,0
10,108,171,190,0
10,109,171,190,0
10,110,171,190,0
10,111,171,190,0
10,112,28,47,0
10,113,171,190,0
10,114,43,62,0
10,115,171,190,0
10,116,171,190,0
10,117,171,190,0
10,118,171,190,0
10,119,171,190,0
10,120,171,190,0
10,121,171,190,0
10,122,171,190,0
10,123,49,3,1
10,124,171,190,0
10,125,171,190,0
10,126,171,190,0
10,127,171,190,0
10,128,171,190,0
10,129,171,190,0
10,130,171,190,0
10,131,7,26,0
10,132,171,190,0
10,133,171,190,0
10,134,5,24,0
10,135,11,30,0
10,136,171,190,0
10,137,171,190,0
10,138,171,190,0
10,139,171,190,0
10,140,171,190,0
10,141,171,190,0
10,142,171,190,0
10,143,171,190,0
10,144,171,190,0
10,145,171,190,0
10,146,171,190,0
10,147,171,190,0
10,148,171,190,0
10,149,171,190,0
10,150,171,190,0
10,151,171,190,0
10,152,171,190,0
10,153,171,190,0
10,154,171,190,0
10,155,171,190,0
10,156,32,51,0
10,157,171,190,0
10,158,171,190,0
10,159,171,190,0
10,160,171,190,0
10,161,171,190,0
10,162,171,190,0
10,163,171,190,0
10,164,171,190,0
10,165,171,190,0
10,166,171,190,0
10,167,171,190,0
10,168,39,58,0
10,169,9,28,0
10,170,171,190,0
10,171,171,190,0
10,172,115,9,1
10,173,171,190,0
10,174,171,190,0
10,175,171,190,0
10,176,171,190,0
10,177,171,190,0
10,178,171,190,0
10,179,171,190,0
10,180,171,190,0
10,181,171,190,0
10,182,171,190,0
10,183,171,190,0
10,184,171,190,0
10,185,171,190,0
10,186,53,7,1
10,187,171,190,0
10,188,171,190,0
10,189,171,190,0
10,190,171,190,0
10,191,171,190,0
10,192,171,190,0
10,193,117,136,0
10,194,171,190,0
10,195,171,190,0
10,196,171,190,0
10,197,171,190,0
10,198,171,190,0
10,199,102,121,0
10,200,171,190,0
11,1,15,34,0
11,2,190,209,0
11,3,190,209,0
11,4,36,55,0
11,5,190,209,0
11,6,60,13,1
11,7,190,209,0
11,8,53,7,1
11,9,190,209,0
11,10,32,51,0
11,11,190,209,0
11,12,190,209,0
11,13,190,209,0
11,14,190,209,0
11,15,190,209,0
11,16,190,209,0
11,17,190,209,0
11,18,190,209,0
11,19,190,209,0
11,20,190,209,0
11,21,190,209,0
11,22,190,209,0
11,23,190,209,0
11,24,190,209,0
11,25,190,209,0
11,26,190,209,0
11,27,5,24,0
11,28,190,209,0
11,29,190,209,0
11,30,45,1,1
11,31,190,209,0
11,32,190,209,0
11,33,34,53,0
11,34,190,209,0
11,35,13,32,0
11,36,190,209,0
11,37,190,209,0
11,38,190,209,0
11,39,17,36,0
11,40,190,209,0
11,41,190,209,0
11,42,190,209,0
11,43,190,209,0
11,44,190,209,0
11,45,190,209,0
11,46,190,209,0
11,47,190,209,0
11,48,64,17,1
11,49,190,209,0
11,50,49,68,0
11,51,190,209,0
11,52,39,58,0
11,53,190,209,0
11,54,190,209,0
11,55,11,30,0
11,56,190,209,0
11,57,190,209,0
11,58,190,209,0
11,59,190,209,0
11,60,190,209,0
11,61,190,209,0
11,62,190,209,0
11,63,190,209,0
11,64,190,209,0
11,65,190,209,0
11,66,190,209,0
11,67,190,209,0
11,68,190,209,0
11,69,190,209,0
11,70,190,209,0
11,71,190,209,0
11,72,190,209,0
11,73,190,209,0
11,74,190,209,0
11,75,20,39,0
11,76,41,60,0
11,77,190,209,0
11,78,190,209,0
11,79,1,20,0
11,80,190,209,0
11,81,190,209,0
11,82,43,62,0
11,83,190,209,0
11,84,190,209,0
11,85,190,209,0
11,86,190,209,0
11,87,190,209,0
11,88,190,209,0
11,89,190,209,0
11,90,190,209,0
11,91,190,209,0
11,92,190,209,0
11,93,190,209,0
11,94,190,209,0
11,95,190,209,0
11,96,190,209,0
11,97,190,209,0
11,98,190,209,0
11,99,190,209,0
11,100,190,209,0
11,101,190,209,0
11,102,190,209,0
11,103,138,157,0
11,104,190,209,0
11,105,55,9,1
11,106,22,41,0
11,107,190,209,0
11,108,190,209,0
11,109,190,209,0
11,110,190,209,0
11,111,190,209,0
11,112,47,3,1
11,113,190,209,0
11,114,62,15,1
11,115,190,209,0
11,116,190,209,0
11,117,190,209,0
11,118,190,209,0
11,119,190,209,0
11,120,190,209,0
11,121,190,209,0
11,122,190,209,0
11,123,3,22,0
11,124,190,209,0
11,125,190,209,0
11,126,190,209,0
11,127,190,209,0
11,128,190,209,0
11,129,190,209,0
11,130,190,209,0
11,131,26,45,0
11,132,190,209,0
11,133,190,209,0
11,134,24,43,0
11,135,30,49,0
11,136,190,209,0
11,137,190,209,0
11,138,190,209,0
11,139,190,209,0
11,140,190,209,0
11,141,190,209,0
11,142,190,209,0
11,143,190,209,0
11,144,190,209,0
11,145,190,209,0
11,146,190,209,0
11,147,190,209,0
11,148,190,209,0
11,149,190,209,0
11,150,190,209,0
11,151,190,209,0
11,152,190,209,0
11,153,190,209,0
11,154,190,209,0
11,155,190,209,0
11,156,51,5,1
11,157,190,209,0
11,158,190,209,0
11,159,190,209,0
11,160,190,209,0
11,161,190,209,0
11,162,190,209,0
11,163,190,209,0
11,164,190,209,0
11,165,190,209,0
11,166,190,209,0
11,167,190,209,0
11,168,58,11,1
11,169,28,47,0
11,170,190,209,0
11,171,190,209,0
11,172,9,28,0
11,173,190,209,0
11,174,190,209,0
11,175,190,209,0
11,176,190,209,0
11,177,190,209,0
11,178,190,209,0
11,179,190,209,0
11,180,190,209,0
11,181,190,209,0
11,182,190,209,0
11,183,190,209,0
11,184,190,209,0
11,185,190,209,0
11,186,7,26,0
11,187,190,209,0
11,188,190,209,0
11,189,190,209,0
11,190,190,209,0
11,191,190,209,0
11,192,190,209,0
11,193,136,155,0
11,194,190,209,0
11,195,190,209,0
11,196,190,209,0
11,197,190,209,0
11,198,190,209,0
11,199,121,140,0
11,200,190,209,0
12,1,34,53,0
12,2,209,228,0
12,3,209,228,0
12,4,55,9,1
12,5,209,228,0
12,6,13,32,0
12,7,209,228,0
12,8,7,26,0
12,9,209,228,0
12,10,51,5,1
12,11,209,228,0
12,12,209,228,0
12,13,209,228,0
12,14,209,228,0
12,15,209,228,0
12,16,209,228,0
12,17,209,228,0
12,18,209,228,0
12,19,209,228,0
12,20,209,228,0
12,21,209,228,0
12,22,209,228,0
12,23,209,228,0
12,24,209,228,0
12,25,209,228,0
12,26,209,228,0
12,27,24,43,0
12,28,209,228,0
12,29,209,228,0
12,30,1,20,0
12,31,209,228,0
12,32,209,228,0
12,33,53,7,1
12,34,209,228,0
12,35,32,51,0
12,36,209,228,0
12,37,209,228,0
12,38,209,228,0
12,39,36,55,0
12,40,209,228,0
12,41,209,228,0
12,42,209,228,0
12,43,209,228,0
12,44,209,228,0
12,45,209,228,0
12,46,209,228,0
12,47,209,228,0
12,48,17,36,0
12,49,209,228,0
12,50,68,17,1
12,51,209,228,0
12,52,58,11,1
12,53,209,228,0
12,54,209,228,0
12,55,30,49,0
12,56,209,228,0
12,57,209,228,0
12,58,209,228,0
12,59,209,228,0
12,60,209,228,0
12,61,209,228,0
12,62,209,228,0
12,63,209,228,0
12,64,209,228,0
12,65,209,228,0
12,66,209,228,0
12,67,209,228,0
12,68,209,228,0
12,69,209,228,0
12,70,209,228,0
12,71,209,228,0
12,72,209,228,0
12,73,209,228,0
12,74,209,228,0
12,75,39,58,0
12,76,60,13,1
12,77,209,228,0
12,78,209,228,0
12,79,20,39,0
12,80,209,228,0
12,81,209,228,0
12,82,62,15,1
12,83,209,228,0
12,84,209,228,0
12,85,209,228,0
12,86,209,228,0
12,87,209,228,0
12,88,209,228,0
12,89,209,228,0
12,90,209,228,0
12,91,209,228,0
12,92,209,228,0
12,93,209,228,0
12,94,209,228,0
12,95,209,228,0
12,96,209,228,0
12,97,209,228,0
12,98,209,228,0
12,99,209,228,0
12,100,209,228,0
12,101,209,228,0
12,102,209,228,0
12,103,157,176,0
12,104,209,228,0
12,105,9,28,0
12,106,41,60,0
12,107,209,228,0
12,108,209,228,0
12,109,209,228,0
12,110,209,228,0
12,111,209,228,0
12,112,3,22,0
12,113,209,228,0
12,114,15,34,0
12,115,209,228,0
12,116,209,228,0
12,117,209,228,0
12,118,209,228,0
12,119,209,228,0
12,120,209,228,0
12,121,209,228,0
12,122,209,228,0
12,123,22,41,0
12,124,209,228,0
12,125,209,228,0
12,126,209,228,0
12,127,209,228,0
12,128,209,228,0
12,129,209,228,0
12,130,209,228,0
12,131,45,64,0
12,132,209,228,0
12,133,209,228,0
12,134,43,62,0
12,135,49,3,1
12,136,209,228,0
12,137,209,228,0
12,138,209,228,0
12,139,209,228,0
12,140,209,228,0
12,141,209,228,0
12,142,209,228,0
12,143,209,228,0
12,144,209,228,0
12,145,209,228,0
12,146,209,228,0
12,147,209,228,0
12,148,209,228,0
12,149,209,228,0
12,150,209,228,0
12,151,209,228,0
12,152,209,228,0
12,153,209,228,0
12,154,209,228,0
12,155,209,228,0
12,156,5,24,0
12,157,209,228,0
12,158,209,228,0
12,159,209,228,0
12,160,209,228,0
12,161,209,228,0
12,162,209,228,0
12,163,209,228,0
12,164,209,228,0
12,165,209,228,0
12,166,209,228,0
12,167,209,228,0
12,168,11,30,0
12,169,47,1,1
12,170,209,228,0
12,171,209,228,0
12,172,28,47,0
12,173,209,228,0
12,174,209,228,0
12,175,209,228,0
12,176,209,228,0
12,177,209,228,0
12,178,209,228,0
12,179,209,228,0
12,180,209,228,0
12,181,209,228,0
12,182,209,228,0
12,183,209,228,0
12,184,209,228,0
12,185,209,228,0
12,186,26,45,0
12,187,209,228,0
12,188,209,228,0
12,189,209,228,0
12,190,209,228,0
12,191,209,228,0
12,192,209,228,0
12,193,155,174,0
12,194,209,228,0
12,195,209,228,0
12,196,209,228,0
12,197,209,228,0
12,198,209,228,0
12,199,140,159,0
12,200,209,228,0
13,1,53,7,1
13,2,228,247,0
13,3,228,247,0
13,4,9,28,0
13,5,228,247,0
13,6,32,51,0
13,7,228,247,0
13,8,26,45,0
13,9,228,247,0
13,10,5,24,0
13,11,228,247,0
13,12,228,247,0
13,13,228,247,0
13,14,228,247,0
13,15,228,247,0
13,16,228,247,0
13,17,228,247,0
13,18,228,247,0
13,19,228,247,0
13,20,228,247,0
13,21,228,247,0
13,22,228,247,0
13,23,228,247,0
13,24,228,247,0
13,25,228,247,0
13,26,228,247,0
13,27,43,62,0
13,28,228,247,0
13,29,228,247,0
13,30,20,39,0
13,31,228,247,0
13,32,228,247,0
13,33,7,26,0
13,34,228,247,0
13,35,51,5,1
13,36,228,247,0
13,37,228,247,0
13,38,228,247,0
13,39,55,9,1
13,40,228,247,0
13,41,228,247,0
13,42,228,247,0
13,43,228,247,0
13,44,228,247,0
13,45,228,247,0
13,46,228,247,0
13,47,228,247,0
13,48,36,55,0
13,49,228,247,0
13,50,17,36,0
13,51,228,247,0
13,52,11,30,0
13,53,228,247,0
13,54,228,247,0
13,55,49,68,0
13,56,228,247,0
13,57,228,247,0
13,58,228,247,0
13,59,228,247,0
13,60,228,247,0
13,61,228,247,0
13,62,228,247,0
13,63,228,247,0
13,64,228,247,0
13,65,228,247,0
13,66,228,247,0
13,67,228,247,0
13,68,228,247,0
13,69,228,247,0
13,70,228,247,0
13,71,228,247,0
13,72,228,247,0
13,73,228,247,0
13,74,228,247,0
13,75,58,11,1
13,76,13,32,0
13,77,228,247,0
13,78,228,247,0
13,79,39,58,0
13,80,228,247,0
13,81,228,247,0
13,82,15,34,0
13,83,228,247,0
13,84,228,247,0
13,85,228,247,0
13,86,228,247,0
13,87,228,247,0
13,88,228,247,0
13,89,228,247,0
13,90,228,247,0
13,91,228,247,0
13,92,228,247,0
13,93,228,247,0
13,94,228,247,0
13,95,228,247,0
13,96,228,247,0
13,97,228,247,0
13,98,228,247,0
13,99,228,247,0
13,100,228,247,0
13,101,228,247,0
13,102,228,247,0
13,103,176,3,1
13,104,228,247,0
13,105,28,47,0
13,106,60,13,1
13,107,228,247,0
13,108,228,247,0
13,109,228,247,0
13,110,228,247,0
13,111,228,247,0
13,112,22,41,0
13,113,228,247,0
13,114,34,53,0
13,115,228,247,0
13,116,228,247,0
13,117,228,247,0
13,118,228,247,0
13,119,228,247,0
13,120,228,247,0
13,121,228,247,0
13,122,228,247,0
13,123,41,60,0
13,124,228,247,0
13,125,228,247,0
13,126,228,247,0
13,127,228,247,0
13,128,228,247,0
13,129,228,247,0
13,130,228,247,0
13,131,64,17,1
13,132,228,247,0
13,133,228,247,0
13,134,62,15,1
13,135,3,22,0
13,136,228,247,0
13,137,228,247,0
13,138,228,247,0
13,139,228,247,0
13,140,228,247,0
13,141,228,247,0
13,142,228,247,0
13,143,228,247,0
13,144,228,247,0
13,145,228,247,0
13,146,228,247,0
13,147,228,247,0
13,148,228,247,0
13,149,228,247,0
13,150,228,247,0
13,151,228,247,0
13,152,228,247,0
13,153,228,247,0
13,154,228,247,0
13,155,228,247,0
13,156,24,43,0
13,157,228,247,0
13,158,228,247,0
13,159,228,247,0
13,160,228,247,0
13,161,228,247,0
13,162,228,247,0
13,163,228,247,0
13,164,228,247,0
13,165,228,247,0
13,166,228,247,0
13,167,228,247,0
13,168,30,49,0
13,169,1,20,0
13,170,228,247,0
13,171,228,247,0
13,172,47,66,0
13,173,228,247,0
13,174,228,247,0
13,175,228,247,0
13,176,228,247,0
13,177,228,247,0
13,178,228,247,0
13,179,228,247,0
13,180,228,247,0
13,181,228,247,0
13,182,228,247,0
13,183,228,247,0
13,184,228,247,0
13,185,228,247,0
13,186,45,64,0
13,187,228,247,0
13,188,228,247,0
13,189,228,247,0
13,190,228,247,0
13,191,228,247,0
13,192,228,247,0
13,193,174,1,1
13,194,228,247,0
13,195,228,247,0
13,196,228,247,0
13,197,228,247,0
13,198,228,247,0
13,199,159,178,0
13,200,228,247,0
14,1,7,26,0
14,2,247,266,0
14,3,247,266,0
14,4,28,47,0
14,5,247,266,0
14,6,51,3,1
14,7,247,266,0
14,8,45,64,0
14,9,247,266,0
14,10,24,43,0
14,11,247,266,0
14,12,247,266,0
14,13,247,266,0
14,14,247,266,0
14,15,247,266,0
14,16,247,266,0
14,17,247,266,0
14,18,247,266,0
14,19,247,266,0
14,20,247,266,0
14,21,247,266,0
14,22,247,266,0
14,23,247,266,0
14,24,247,266,0
14,25,247,266,0
14,26,247,266,0
14,27,62,13,1
14,28,247,266,0
14,29,247,266,0
14,30,39,58,0
14,31,247,266,0
14,32,247,266,0
14,33,26,45,0
14,34,247,266,0
14,35,5,24,0
14,36,247,266,0
14,37,247,266,0
14,38,247,266,0
14,39,9,28,0
14,40,247,266,0
14,41,247,266,0
14,42,247,266,0
14,43,247,266,0
14,44,247,266,0
14,45,247,266,0
14,46,247,266,0
14,47,247,266,0
14,48,55,7,1
14,49,247,266,0
14,50,36,55,0
14,51,247,266,0
14,52,30,49,0
14,53,247,266,0
14,54,247,266,0
14,55,68,17,1
14,56,247,266,0
14,57,247,266,0
14,58,247,266,0
14,59,247,266,0
14,60,247,266,0
14,61,247,266,0
14,62,247,266,0
14,63,247,266,0
14,64,247,266,0
14,65,247,266,0
14,66,247,266,0
14,67,247,266,0
14,68,247,266,0
14,69,247,266,0
14,70,247,266,0
14,71,247,266,0
14,72,247,266,0
14,73,247,266,0
14,74,247,266,0
14,75,11,30,0
14,76,32,51,0
14,77,247,266,0
14,78,247,266,0
14,79,58,9,1
14,80,247,266,0
14,81,247,266,0
14,82,34,53,0
14,83,247,266,0
14,84,247,266,0
14,85,247,266,0
14,86,247,266,0
14,87,247,266,0
14,88,247,266,0
14,89,247,266,0
14,90,247,266,0
14,91,247,266,0
14,92,247,266,0
14,93,247,266,0
14,94,247,266,0
14,95,247,266,0
14,96,247,266,0
14,97,247,266,0
14,98,247,266,0
14,99,247,266,0
14,100,247,266,0
14,101,247,266,0
14,102,247,266,0
14,103,3,22,0
14,104,247,266,0
14,105,47,66,0
14,106,13,32,0
14,107,247,266,0
14,108,247,266,0
14,109,247,266,0
14,110,247,266,0
14,111,247,266,0
14,112,41,60,0
14,113,247,266,0
14,114,53,5,1
14,115,247,266,0
14,116,247,266,0
14,117,247,266,0
14,118,247,266,0
14,119,247,266,0
14,120,247,266,0
14,121,247,266,0
14,122,247,266,0
14,123,60,11,1
14,124,247,266,0
14,125,247,266,0
14,126,247,266,0
14,127,247,266,0
14,128,247,266,0
14,129,247,266,0
14,130,247,266,0
14,131,17,36,0
14,132,247,266,0
14,133,247,266,0
14,134,15,34,0
14,135,22,41,0
14,136,247,266,0
14,137,247,266,0
14,138,247,266,0
14,139,247,266,0
14,140,247,266,0
14,141,247,266,0
14,142,247,266,0
14,143,247,266,0
14,144,247,266,0
14,145,247,266,0
14,146,247,266,0
14,147,247,266,0
14,148,247,266,0
14,149,247,266,0
14,150,247,266,0
14,151,247,266,0
14,152,247,266,0
14,153,247,266,0
14,154,247,266,0
14,155,247,266,0
14,156,43,62,0
14,157,247,266,0
14,158,247,266,0
14,159,247,266,0
14,160,247,266,0
14,161,247,266,0
14,162,247,266,0
14,163,247,266,0
14,164,247,266,0
14,165,247,266,0
14,166,247,266,0
14,167,247,266,0
14,168,49,1,1
14,169,20,39,0
14,170,247,266,0
14,171,247,266,0
14,172,66,85,0
14,173,247,266,0
14,174,247,266,0
14,175,247,266,0
14,176,247,266,0
14,177,247,266,0
14,178,247,266,0
14,179,247,266,0
14,180,247,266,0
14,181,247,266,0
14,182,247,266,0
14,183,247,266,0
14,184,247,266,0
14,185,247,266,0
14,186,64,15,1
14,187,247,266,0
14,188,247,266,0
14,189,247,266,0
14,190,247,266,0
14,191,247,266,0
14,192,247,266,0
14,193,1,20,0
14,194,247,266,0
14,195,247,266,0
14,196,247,266,0
14,197,247,266,0
14,198,247,266,0
14,199,178,197,0
14,200,247,266,0
15,1,26,45,0
15,2,266,285,0
15,3,266,285,0
15,4,47,66,0
15,5,266,285,0
15,6,3,22,0
15,7,266,285,0
15,8,64,15,1
15,9,266,285,0
15,10,43,62,0
15,11,266,285,0
15,12,266,285,0
15,13,266,285,0
15,14,266,285,0
15,15,266,285,0
15,16,266,285,0
15,17,266,285,0
15,18,266,285,0
15,19,266,285,0
15,20,266,285,0
15,21,266,285,0
15,22,266,285,0
15,23,266,285,0
15,24,266,285,0
15,25,266,285,0
15,26,266,285,0
15,27,13,32,0
15,28,266,285,0
15,29,266,285,0
15,30,58,9,1
15,31,266,285,0
15,32,266,285,0
15,33,45,64,0
15,34,266,285,0
15,35,24,43,0
15,36,266,285,0
15,37,266,285,0
15,38,266,285,0
15,39,28,47,0
15,40,266,285,0
15,41,266,285,0
15,42,266,285,0
15,43,266,285,0
15,44,266,285,0
15,45,266,285,0
15,46,266,285,0
15,47,266,285,0
15,48,7,26,0
15,49,266,285,0
15,50,55,7,1
15,51,266,285,0
15,52,49,68,0
15,53,266,285,0
15,54,266,285,0
15,55,17,36,0
15,56,266,285,0
15,57,266,285,0
15,58,266,285,0
15,59,266,285,0
15,60,266,285,0
15,61,266,285,0
15,62,266,285,0
15,63,266,285,0
15,64,266,285,0
15,65,266,285,0
15,66,266,285,0
15,67,266,285,0
15,68,266,285,0
15,69,266,285,0
15,70,266,285,0
15,71,266,285,0
15,72,266,285,0
15,73,266,285,0
15,74,266,285,0
15,75,30,49,0
15,76,51,1,1
15,77,266,285,0
15,78,266,285,0
15,79,9,28,0
15,80,266,285,0
15,81,266,285,0
15,82,53,3,1
15,83,266,285,0
15,84,266,285,0
15,85,266,285,0
15,86,266,285,0
15,87,266,285,0
15,88,266,285,0
15,89,266,285,0
15,90,266,285,0
15,91,266,285,0
15,92,266,285,0
15,93,266,285,0
15,94,266,285,0
15,95,266,285,0
15,96,266,285,0
15,97,266,285,0
15,98,266,285,0
15,99,266,285,0
15,100,266,285,0
15,101,266,285,0
15,102,266,285,0
15,103,22,41,0
15,104,266,285,0
15,105,66,17,1
15,106,32,51,0
15,107,266,285,0
15,108,266,285,0
15,109,266,285,0
15,110,266,285,0
15,111,266,285,0
15,112,60,11,1
15,113,266,285,0
15,114,5,24,0
15,115,266,285,0
15,116,266,285,0
15,117,266,285,0
15,118,266,285,0
15,119,266,285,0
15,120,266,285,0
15,121,266,285,0
15,122,266,285,0
15,123,11,30,0
15,124,266,285,0
15,125,266,285,0
15,126,266,285,0
15,127,266,285,0
15,128,266,285,0
15,129,266,285,0
15,130,266,285,0
15,131,36,55,0
15,132,266,285,0
15,133,266,285,0
15,134,34,53,0
15,135,41,60,0
15,136,266,285,0
15,137,266,285,0
15,138,266,285,0
15,139,266,285,0
15,140,266,285,0
15,141,266,285,0
15,142,266,285,0
15,143,266,285,0
15,144,266,285,0
15,145,266,285,0
15,146,266,285,0
15,147,266,285,0
15,148,266,285,0
15,149,266,285,0
15,150,266,285,0
15,151,266,285,0
15,152,266,285,0
15,153,266,285,0
15,154,266,285,0
15,155,266,285,0
15,156,62,13,1
15,157,266,285,0
15,158,266,285,0
15,159,266,285,0
15,160,266,285,0
15,161,266,285,0
15,162,266,285,0
15,163,266,285,0
15,164,266,285,0
15,165,266,285,0
15,166,266,285,0
15,167,266,285,0
15,168,1,20,0
15,169,39,58,0
15,170,266,285,0
15,171,266,285,0
15,172,85,5,1
15,173,266,285,0
15,174,266,285,0
15,175,266,285,0
15,176,266,285,0
15,177,266,285,0
15,178,266,285,0
15,179,266,285,0
15,180,266,285,0
15,181,266,285,0
15,182,266,285,0
15,183,266,285,0
15,184,266,285,0
15,185,266,285,0
15,186,15,34,0
15,187,266,285,0
15,188,266,285,0
15,189,266,285,0
15,190,266,285,0
15,191,266,285,0
15,192,266,285,0
15,193,20,39,0
15,194,266,285,0
15,195,266,285,0
15,196,266,285,0
15,197,266,285,0
15,198,266,285,0
15,199,197,216,0
15,200,266,285,0
16,1,45,64,0
16,2,285,304,0
16,3,285,304,0
16,4,66,15,1
16,5,285,304,0
16,6,22,41,0
16,7,285,304,0
16,8,15,34,0
16,9,285,304,0
16,10,62,11,1
16,11,285,304,0
16,12,285,304,0
16,13,285,304,0
16,14,285,304,0
16,15,285,304,0
16,16,285,304,0
16,17,285,304,0
16,18,285,304,0
16,19,285,304,0
16,20,285,304,0
16,21,285,304,0
16,22,285,304,0
16,23,285,304,0
16,24,285,304,0
16,25,285,304,0
16,26,285,304,0
16,27,32,51,0
16,28,285,304,0
16,29,285,304,0
16,30,9,28,0
16,31,285,304,0
16,32,285,304,0
16,33,64,13,1
16,34,285,304,0
16,35,43,62,0
16,36,285,304,0
16,37,285,304,0
16,38,285,304,0
16,39,47,66,0
16,40,285,304,0
16,41,285,304,0
16,42,285,304,0
16,43,285,304,0
16,44,285,304,0
16,45,285,304,0
16,46,285,304,0
16,47,285,304,0
16,48,26,45,0
16,49,285,304,0
16,50,7,26,0
16,51,285,304,0
16,52,68,17,1
16,53,285,304,0
16,54,285,304,0
16,55,36,55,0
16,56,285,304,0
16,57,285,304,0
16,58,285,304,0
16,59,285,304,0
16,60,285,304,0
16,61,285,304,0
16,62,285,304,0
16,63,285,304,0
16,64,285,304,0
16,65,285,304,0
16,66,285,304,0
16,67,285,304,0
16,68,285,304,0
16,69,285,304,0
16,70,285,304,0
16,71,285,304,0
16,72,285,304,0
16,73,285,304,0
16,74,285,304,0
16,75,49,68,0
16,76,1,20,0
16,77,285,304,0
16,78,285,304,0
16,79,28,47,0
16,80,285,304,0
16,81,285,304,0
16,82,3,22,0
16,83,285,304,0
16,84,285,304,0
16,85,285,304,0
16,86,285,304,0
16,87,285,304,0
16,88,285,304,0
16,89,285,304,0
16,90,285,304,0
16,91,285,304,0
16,92,285,304,0
16,93,285,304,0
16,94,285,304,0
16,95,285,304,0
16,96,285,304,0
16,97,285,304,0
16,98,285,304,0
16,99,285,304,0
16,100,285,304,0
16,101,285,304,0
16,102,285,304,0
16,103,41,60,0
16,104,285,304,0
16,105,17,36,0
16,106,51,1,1
16,107,285,304,0
16,108,285,304,0
16,109,285,304,0
16,110,285,304,0
16,111,285,304,0
16,112,11,30,0
16,113,285,304,0
16,114,24,43,0
16,115,285,304,0
16,116,285,304,0
16,117,285,304,0
16,118,285,304,0
16,119,285,304,0
16,120,285,304,0
16,121,285,304,0
16,122,285,304,0
16,123,30,49,0
16,124,285,304,0
16,125,285,304,0
16,126,285,304,0
16,127,285,304,0
16,128,285,304,0
16,129,285,304,0
16,130,285,304,0
16,131,55,5,1
16,132,285,304,0
16,133,285,304,0
16,134,53,3,1
16,135,60,9,1
16,136,285,304,0
16,137,285,304,0
16,138,285,304,0
16,139,285,304,0
16,140,285,304,0
16,141,285,304,0
16,142,285,304,0
16,143,285,304,0
16,144,285,304,0
16,145,285,304,0
16,146,285,304,0
16,147,285,304,0
16,148,285,304,0
16,149,285,304,0
16,150,285,304,0
16,151,285,304,0
16,152,285,304,0
16,153,285,304,0
16,154,285,304,0
16,155,285,304,0
16,156,13,32,0
16,157,285,304,0
16,158,285,304,0
16,159,285,304,0
16,160,285,304,0
16,161,285,304,0
16,162,285,304,0
16,163,285,304,0
16,164,285,304,0
16,165,285,304,0
16,166,285,304,0
16,167,285,304,0
16,168,20,39,0
16,169,58,7,1
16,170,285,304,0
16,171,285,304,0
16,172,5,24,0
16,173,285,304,0
16,174,285,304,0
16,175,285,304,0
16,176,285,304,0
16,177,285,304,0
16,178,285,304,0
16,179,285,304,0
16,180,285,304,0
16,181,285,304,0
16,182,285,304,0
16,183,285,304,0
16,184,285,304,0
16,185,285,304,0
16,186,34,53,0
16,187,285,304,0
16,188,285,304,0
16,189,285,304,0
16,190,285,304,0
16,191,285,304,0
16,192,285,304,0
16,193,39,58,0
16,194,285,304,0
16,195,285,304,0
16,196,285,304,0
16,197,285,304,0
16,198,285,304,0
16,199,216,235,0
16,200,285,304,0
17,1,64,13,1
17,2,304,323,0
17,3,304,323,0
17,4,15,34,0
17,5,304,323,0
17,6,41,60,0
17,7,304,323,0
17,8,34,53,0
17,9,304,323,0
17,10,11,30,0
17,11,304,323,0
17,12,304,323,0
17,13,304,323,0
17,14,304,323,0
17,15,304,323,0
17,16,304,323,0
17,17,304,323,0
17,18,304,323,0
17,19,304,323,0
17,20,304,323,0
17,21,304,323,0
17,22,304,323,0
17,23,304,323,0
17,24,304,323,0
17,25,304,323,0
17,26,304,323,0
17,27,51,1,1
17,28,304,323,0
17,29,304,323,0
17,30,28,47,0
17,31,304,323,0
17,32,304,323,0
17,33,13,32,0
17,34,304,323,0
17,35,62,11,1
17,36,304,323,0
17,37,304,323,0
17,38,304,323,0
17,39,66,15,1
17,40,304,323,0
17,41,304,323,0
17,42,304,323,0
17,43,304,323,0
17,44,304,323,0
17,45,304,323,0
17,46,304,323,0
17,47,304,323,0
17,48,45,64,0
17,49,304,323,0
17,50,26,45,0
17,51,304,323,0
17,52,17,36,0
17,53,304,323,0
17,54,304,323,0
17,55,55,9,1
17,56,304,323,0
17,57,304,323,0
17,58,304,323,0
17,59,304,323,0
17,60,304,323,0
17,61,304,323,0
17,62,304,323,0
17,63,304,323,0
17,64,304,323,0
17,65,304,323,0
17,66,304,323,0
17,67,304,323,0
17,68,304,323,0
17,69,304,323,0
17,70,304,323,0
17,71,304,323,0
17,72,304,323,0
17,73,304,323,0
17,74,304,323,0
17,75,68,17,1
17,76,20,39,0
17,77,304,323,0
17,78,304,323,0
17,79,47,66,0
17,80,304,323,0
17,81,304,323,0
17,82,22,41,0
17,83,304,323,0
17,84,304,323,0
17,85,304,323,0
17,86,304,323,0
17,87,304,323,0
17,88,304,323,0
17,89,304,323,0
17,90,304,323,0
17,91,304,323,0
17,92,304,323,0
17,93,304,323,0
17,94,304,323,0
17,95,304,323,0
17,96,304,323,0
17,97,304,323,0
17,98,304,323,0
17,99,304,323,0
17,100,304,323,0
17,101,304,323,0
17,102,304,323,0
17,103,60,7,1
17,104,304,323,0
17,105,36,55,0
17,106,1,20,0
17,107,304,323,0
17,108,304,323,0
17,109,304,323,0
17,110,304,323,0
17,111,304,323,0
17,112,30,49,0
17,113,304,323,0
17,114,43,62,0
17,115,304,323,0
17,116,304,323,0
17,117,304,323,0
17,118,304,323,0
17,119,304,323,0
17,120,304,323,0
17,121,304,323,0
17,122,304,323,0
17,123,49,68,0
17,124,304,323,0
17,125,304,323,0
17,126,304,323,0
17,127,304,323,0
17,128,304,323,0
17,129,304,323,0
17,130,304,323,0
17,131,5,24,0
17,132,304,323,0
17,133,304,323,0
17,134,3,22,0
17,135,9,28,0
17,136,304,323,0
17,137,304,323,0
17,138,304,323,0
17,139,304,323,0
17,140,304,323,0
17,141,304,323,0
17,142,304,323,0
17,143,304,323,0
17,144,304,323,0
17,145,304,323,0
17,146,304,323,0
17,147,304,323,0
17,148,304,323,0
17,149,304,323,0
17,150,304,323,0
17,151,304,323,0
17,152,304,323,0
17,153,304,323,0
17,154,304,323,0
17,155,304,323,0
17,156,32,51,0
17,157,304,323,0
17,158,304,323,0
17,159,304,323,0
17,160,304,323,0
17,161,304,323,0
17,162,304,323,0
17,163,304,323,0
17,164,304,323,0
17,165,304,323,0
17,166,304,323,0
17,167,304,323,0
17,168,39,58,0
17,169,7,26,0
17,170,304,323,0
17,171,304,323,0
17,172,24,43,0
17,173,304,323,0
17,174,304,323,0
17,175,304,323,0
17,176,304,323,0
17,177,304,323,0
17,178,304,323,0
17,179,304,323,0
17,180,304,323,0
17,181,304,323,0
17,182,304,323,0
17,183,304,323,0
17,184,304,323,0
17,185,304,323,0
17,186,53,3,1
17,187,304,323,0
17,188,304,323,0
17,189,304,323,0
17,190,304,323,0
17,191,304,323,0
17,192,304,323,0
17,193,58,5,1
17,194,304,323,0
17,195,304,323,0
17,196,304,323,0
17,197,304,323,0
17,198,304,323,0
17,199,235,254,0
17,200,304,323,0
18,1,13,32,0
18,2,323,342,0
18,3,323,342,0
18,4,34,53,0
18,5,323,342,0
18,6,60,9,1
18,7,323,342,0
18,8,53,5,1
18,9,323,342,0
18,10,30,49,0
18,11,323,342,0
18,12,323,342,0
18,13,323,342,0
18,14,323,342,0
18,15,323,342,0
18,16,323,342,0
18,17,323,342,0
18,18,323,342,0
18,19,323,342,0
18,20,323,342,0
18,21,323,342,0
18,22,323,342,0
18,23,323,342,0
18,24,323,342,0
18,25,323,342,0
18,26,323,342,0
18,27,1,20,0
18,28,323,342,0
18,29,323,342,0
18,30,47,66,0
18,31,323,342,0
18,32,323,342,0
18,33,32,51,0
18,34,323,342,0
18,35,11,30,0
18,36,323,342,0
18,37,323,342,0
18,38,323,342,0
18,39,15,34,0
18,40,323,342,0
18,41,323,342,0
18,42,323,342,0
18,43,323,342,0
18,44,323,342,0
18,45,323,342,0
18,46,323,342,0
18,47,323,342,0
18,48,64,13,1
18,49,323,342,0
18,50,45,64,0
18,51,323,342,0
18,52,36,55,0
18,53,323,342,0
18,54,323,342,0
18,55,9,28,0
18,56,323,342,0
18,57,323,342,0
18,58,323,342,0
18,59,323,342,0
18,60,323,342,0
18,61,323,342,0
18,62,323,342,0
18,63,323,342,0
18,64,323,342,0
18,65,323,342,0
18,66,323,342,0
18,67,323,342,0
18,68,323,342,0
18,69,323,342,0
18,70,323,342,0
18,71,323,342,0
18,72,323,342,0
18,73,323,342,0
18,74,323,342,0
18,75,17,36,0
18,76,39,58,0
18,77,323,342,0
18,78,323,342,0
18,79,66,17,1
18,80,323,342,0
18,81,323,342,0
18,82,41,60,0
18,83,323,342,0
18,84,323,342,0
18,85,323,342,0
18,86,323,342,0
18,87,323,342,0
18,88,323,342,0
18,89,323,342,0
18,90,323,342,0
18,91,323,342,0
18,92,323,342,0
18,93,323,342,0
18,94,323,342,0
18,95,323,342,0
18,96,323,342,0
18,97,323,342,0
18,98,323,342,0
18,99,323,342,0
18,100,323,342,0
18,101,323,342,0
18,102,323,342,0
18,103,7,26,0
18,104,323,342,0
18,105,55,7,1
18,106,20,39,0
18,107,323,342,0
18,108,323,342,0
18,109,323,342,0
18,110,323,342,0
18,111,323,342,0
18,112,49,1,1
18,113,323,342,0
18,114,62,11,1
18,115,323,342,0
18,116,323,342,0
18,117,323,342,0
18,118,323,342,0
18,119,323,342,0
18,120,323,342,0
18,121,323,342,0
18,122,323,342,0
18,123,68,15,1
18,124,323,342,0
18,125,323,342,0
18,126,323,342,0
18,127,323,342,0
18,128,323,342,0
18,129,323,342,0
18,130,323,342,0
18,131,24,43,0
18,132,323,342,0
18,133,323,342,0
18,134,22,41,0
18,135,28,47,0
18,136,323,342,0
18,137,323,342,0
18,138,323,342,0
18,139,323,342,0
18,140,323,342,0
18,141,323,342,0
18,142,323,342,0
18,143,323,342,0
18,144,323,342,0
18,145,323,342,0
18,146,323,342,0
18,147,323,342,0
18,148,323,342,0
18,149,323,342,0
18,150,323,342,0
18,151,323,342,0
18,152,323,342,0
18,153,323,342,0
18,154,323,342,0
18,155,323,342,0
18,156,51,3,1
18,157,323,342,0
18,158,323,342,0
18,159,323,342,0
18,160,323,342,0
18,161,323,342,0
18,162,323,342,0
18,163,323,342,0
18,164,323,342,0
18,165,323,342,0
18,166,323,342,0
18,167,323,342,0
18,168,58,77,0
18,169,26,45,0
18,170,323,342,0
18,171,323,342,0
18,172,43,62,0
18,173,323,342,0
18,174,323,342,0
18,175,323,342,0
18,176,323,342,0
18,177,323,342,0
18,178,323,342,0
18,179,323,342,0
18,180,323,342,0
18,181,323,342,0
18,182,323,342,0
18,183,323,342,0
18,184,323,342,0
18,185,323,342,0
18,186,3,22,0
18,187,323,342,0
18,188,323,342,0
18,189,323,342,0
18,190,323,342,0
18,191,323,342,0
18,192,323,342,0
18,193,5,24,0
18,194,323,342,0
18,195,323,342,0
18,196,323,342,0
18,197,323,342,0
18,198,323,342,0
18,199,254,273,0
18,200,323,342,0
19,1,32,51,0
19,2,342,361,0
19,3,342,361,0
19,4,53,5,1
19,5,342,361,0
19,6,9,28,0
19,7,342,361,0
19,8,5,24,0
19,9,342,361,0
19,10,49,1,1
19,11,342,361,0
19,12,342,361,0
19,13,342,361,0
19,14,342,361,0
19,15,342,361,0
19,16,342,361,0
19,17,342,361,0
19,18,342,361,0
19,19,342,361,0
19,20,342,361,0
19,21,342,361,0
19,22,342,361,0
19,23,342,361,0
19,24,342,361,0
19,25,342,361,0
19,26,342,361,0
19,27,20,39,0
19,28,342,361,0
19,29,342,361,0
19,30,66,17,1
19,31,342,361,0
19,32,342,361,0
19,33,51,3,1
19,34,342,361,0
19,35,30,49,0
19,36,342,361,0
19,37,342,361,0
19,38,342,361,0
19,39,34,53,0
19,40,342,361,0
19,41,342,361,0
19,42,342,361,0
19,43,342,361,0
19,44,342,361,0
19,45,342,361,0
19,46,342,361,0
19,47,342,361,0
19,48,13,32,0
19,49,342,361,0
19,50,64,11,1
19,51,342,361,0
19,52,55,7,1
19,53,342,361,0
19,54,342,361,0
19,55,28,47,0
19,56,342,361,0
19,57,342,361,0
19,58,342,361,0
19,59,342,361,0
19,60,342,361,0
19,61,342,361,0
19,62,342,361,0
19,63,342,361,0
19,64,342,361,0
19,65,342,361,0
19,66,342,361,0
19,67,342,361,0
19,68,342,361,0
19,69,342,361,0
19,70,342,361,0
19,71,342,361,0
19,72,342,361,0
19,73,342,361,0
19,74,342,361,0
19,75,36,55,0
19,76,58,9,1
19,77,342,361,0
19,78,342,361,0
19,79,17,36,0
19,80,342,361,0
19,81,342,361,0
19,82,60,13,1
19,83,342,361,0
19,84,342,361,0
19,85,342,361,0
19,86,342,361,0
19,87,342,361,0
19,88,342,361,0
19,89,342,361,0
19,90,342,361,0
19,91,342,361,0
19,92,342,361,0
19,93,342,361,0
19,94,342,361,0
19,95,342,361,0
19,96,342,361,0
19,97,342,361,0
19,98,342,361,0
19,99,342,361,0
19,100,342,361,0
19,101,342,361,0
19,102,342,361,0
19,103,26,45,0
19,104,342,361,0
19,105,7,26,0
19,106,39,58,0
19,107,342,361,0
19,108,342,361,0
19,109,342,361,0
19,110,342,361,0
19,111,342,361,0
19,112,1,20,0
19,113,342,361,0
19,114,11,30,0
19,115,342,361,0
19,116,342,361,0
19,117,342,361,0
19,118,342,361,0
19,119,342,361,0
19,120,342,361,0
19,121,342,361,0
19,122,342,361,0
19,123,15,34,0
19,124,342,361,0
19,125,342,361,0
19,126,342,361,0
19,127,342,361,0
19,128,342,361,0
19,129,342,361,0
19,130,342,361,0
19,131,43,62,0
19,132,342,361,0
19,133,342,361,0
19,134,41,60,0
19,135,47,66,0
19,136,342,361,0
19,137,342,361,0
19,138,342,361,0
19,139,342,361,0
19,140,342,361,0
19,141,342,361,0
19,142,342,361,0
19,143,342,361,0
19,144,342,361,0
19,145,342,361,0
19,146,342,361,0
19,147,342,361,0
19,148,342,361,0
19,149,342,361,0
19,150,342,361,0
19,151,342,361,0
19,152,342,361,0
19,153,342,361,0
19,154,342,361,0
19,155,342,361,0
19,156,3,22,0
19,157,342,361,0
19,158,342,361,0
19,159,342,361,0
19,160,342,361,0
19,161,342,361,0
19,162,342,361,0
19,163,342,361,0
19,164,342,361,0
19,165,342,361,0
19,166,342,361,0
19,167,342,361,0
19,168,77,15,1
19,169,45,64,0
19,170,342,361,0
19,171,342,361,0
19,172,62,81,0
19,173,342,361,0
19,174,342,361,0
19,175,342,361,0
19,176,342,361,0
19,177,342,361,0
19,178,342,361,0
19,179,342,361,0
19,180,342,361,0
19,181,342,361,0
19,182,342,361,0
19,183,342,361,0
19,184,342,361,0
19,185,342,361,0
19,186,22,41,0
19,187,342,361,0
19,188,342,361,0
19,189,342,361,0
19,190,342,361,0
19,191,342,361,0
19,192,342,361,0
19,193,24,43,0
19,194,342,361,0
19,195,342,361,0
19,196,342,361,0
19,197,342,361,0
19,198,342,361,0
19,199,273,292,0
19,200,342,361,0
20,1,51,1,1
20,2,361,380,0
20,3,361,380,0
20,4,5,24,0
20,5,361,380,0
20,6,28,47,0
20,7,361,380,0
20,8,24,43,0
20,9,361,380,0
20,10,1,20,0
20,11,361,380,0
20,12,361,380,0
20,13,361,380,0
20,14,361,380,0
20,15,361,380,0
20,16,361,380,0
20,17,361,380,0
20,18,361,380,0
20,19,361,380,0
20,20,361,380,0
20,21,361,380,0
20,22,361,380,0
20,23,361,380,0
20,24,361,380,0
20,25,361,380,0
20,26,361,380,0
20,27,39,58,0
20,28,361,380,0
20,29,361,380,0
20,30,17,36,0
20,31,361,380,0
20,32,361,380,0
20,33,3,22,0
20,34,361,380,0
20,35,49,68,0
20,36,361,380,0
20,37,361,380,0
20,38,361,380,0
20,39,53,3,1
20,40,361,380,0
20,41,361,380,0
20,42,361,380,0
20,43,361,380,0
20,44,361,380,0
20,45,361,380,0
20,46,361,380,0
20,47,361,380,0
20,48,32,51,0
20,49,361,380,0
20,50,11,30,0
20,51,361,380,0
20,52,7,26,0
20,53,361,380,0
20,54,361,380,0
20,55,47,66,0
20,56,361,380,0
20,57,361,380,0
20,58,361,380,0
20,59,361,380,0
20,60,361,380,0
20,61,361,380,0
20,62,361,380,0
20,63,361,380,0
20,64,361,380,0
20,65,361,380,0
20,66,361,380,0
20,67,361,380,0
20,68,361,380,0
20,69,361,380,0
20,70,361,380,0
20,71,361,380,0
20,72,361,380,0
20,73,361,380,0
20,74,361,380,0
20,75,55,5,1
20,76,9,28,0
20,77,361,380,0
20,78,361,380,0
20,79,36,55,0
20,80,361,380,0
20,81,361,380,0
20,82,13,32,0
20,83,361,380,0
20,84,361,380,0
20,85,361,380,0
20,86,361,380,0
20,87,361,380,0
20,88,361,380,0
20,89,361,380,0
20,90,361,380,0
20,91,361,380,0
20,92,361,380,0
20,93,361,380,0
20,94,361,380,0
20,95,361,380,0
20,96,361,380,0
20,97,361,380,0
20,98,361,380,0
20,99,361,380,0
20,100,361,380,0
20,101,361,380,0
20,102,361,380,0
20,103,45,64,0
20,104,361,380,0
20,105,26,45,0
20,106,58,7,1
20,107,361,380,0
20,108,361,380,0
20,109,361,380,0
20,110,361,380,0
20,111,361,380,0
20,112,20,39,0
20,113,361,380,0
20,114,30,49,0
20,115,361,380,0
20,116,361,380,0
20,117,361,380,0
20,118,361,380,0
20,119,361,380,0
20,120,361,380,0
20,121,361,380,0
20,122,361,380,0
20,123,34,53,0
20,124,361,380,0
20,125,361,380,0
20,126,361,380,0
20,127,361,380,0
20,128,361,380,0
20,129,361,380,0
20,130,361,380,0
20,131,62,11,1
20,132,361,380,0
20,133,361,380,0
20,134,60,9,1
20,135,66,17,1
20,136,361,380,0
20,137,361,380,0
20,138,361,380,0
20,139,361,380,0
20,140,361,380,0
20,141,361,380,0
20,142,361,380,0
20,143,361,380,0
20,144,361,380,0
20,145,361,380,0
20,146,361,380,0
20,147,361,380,0
20,148,361,380,0
20,149,361,380,0
20,150,361,380,0
20,151,361,380,0
20,152,361,380,0
20,153,361,380,0
20,154,361,380,0
20,155,361,380,0
20,156,22,41,0
20,157,361,380,0
20,158,361,380,0
20,159,361,380,0
20,160,361,380,0
20,161,361,380,0
20,162,361,380,0
20,163,361,380,0
20,164,361,380,0
20,165,361,380,0
20,166,361,380,0
20,167,361,380,0
20,168,15,34,0
20,169,64,13,1
20,170,361,380,0
20,171,361,380,0
20,172,81,15,1
20,173,361,380,0
20,174,361,380,0
20,175,361,380,0
20,176,361,380,0
20,177,361,380,0
20,178,361,380,0
20,179,361,380,0
20,180,361,380,0
20,181,361,380,0
20,182,361,380,0
20,183,361,380,0
20,184,361,380,0
20,185,361,380,0
20,186,41,60,0
20,187,361,380,0
20,188,361,380,0
20,189,361,380,0
20,190,361,380,0
20,191,361,380,0
20,192,361,380,0
20,193,43,62,0
20,194,361,380,0
20,195,361,380,0
20,196,361,380,0
20,197,361,380,0
20,198,361,380,0
20,199,292,311,0
20,200,361,380,0
21,1,1,20,0
21,2,380,399,0
21,3,380,399,0
21,4,24,43,0
21,5,380,399,0
21,6,47,1,1
21,7,380,399,0
21,8,43,62,0
21,9,380,399,0
21,10,20,39,0
21,11,380,399,0
21,12,380,399,0
21,13,380,399,0
21,14,380,399,0
21,15,380,399,0
21,16,380,399,0
21,17,380,399,0
21,18,380,399,0
21,19,380,399,0
21,20,380,399,0
21,21,380,399,0
21,22,380,399,0
21,23,380,399,0
21,24,380,399,0
21,25,380,399,0
21,26,380,399,0
21,27,58,11,1
21,28,380,399,0
21,29,380,399,0
21,30,36,55,0
21,31,380,399,0
21,32,380,399,0
21,33,22,41,0
21,34,380,399,0
21,35,68,17,1
21,36,380,399,0
21,37,380,399,0
21,38,380,399,0
21,39,3,22,0
21,40,380,399,0
21,41,380,399,0
21,42,380,399,0
21,43,380,399,0
21,44,380,399,0
21,45,380,399,0
21,46,380,399,0
21,47,380,399,0
21,48,51,5,1
21,49,380,399,0
21,50,30,49,0
21,51,380,399,0
21,52,26,45,0
21,53,380,399,0
21,54,380,399,0
21,55,66,15,1
21,56,380,399,0
21,57,380,399,0
21,58,380,399,0
21,59,380,399,0
21,60,380,399,0
21,61,380,399,0
21,62,380,399,0
21,63,380,399,0
21,64,380,399,0
21,65,380,399,0
21,66,380,399,0
21,67,380,399,0
21,68,380,399,0
21,69,380,399,0
21,70,380,399,0
21,71,380,399,0
21,72,380,399,0
21,73,380,399,0
21,74,380,399,0
21,75,5,24,0
21,76,28,47,0
21,77,380,399,0
21,78,380,399,0
21,79,55,9,1
21,80,380,399,0
21,81,380,399,0
21,82,32,51,0
21,83,380,399,0
21,84,380,399,0
21,85,380,399,0
21,86,380,399,0
21,87,380,399,0
21,88,380,399,0
21,89,380,399,0
21,90,380,399,0
21,91,380,399,0
21,92,380,399,0
21,93,380,399,0
21,94,380,399,0
21,95,380,399,0
21,96,380,399,0
21,97,380,399,0
21,98,380,399,0
21,99,380,399,0
21,100,380,399,0
21,101,380,399,0
21,102,380,399,0
21,103,64,83,0
21,104,380,399,0
21,105,45,64,0
21,106,7,26,0
21,107,380,399,0
21,108,380,399,0
21,109,380,399,0
21,110,380,399,0
21,111,380,399,0
21,112,39,58,0
21,113,380,399,0
21,114,49,3,1
21,115,380,399,0
21,116,380,399,0
21,117,380,399,0
21,118,380,399,0
21,119,380,399,0
21,120,380,399,0
21,121,380,399,0
21,122,380,399,0
21,123,53,7,1
21,124,380,399,0
21,125,380,399,0
21,126,380,399,0
21,127,380,399,0
21,128,380,399,0
21,129,380,399,0
21,130,380,399,0
21,131,11,30,0
21,132,380,399,0
21,133,380,399,0
21,134,9,28,0
21,135,17,36,0
21,136,380,399,0
21,137,380,399,0
21,138,380,399,0
21,139,380,399,0
21,140,380,399,0
21,141,380,399,0
21,142,380,399,0
21,143,380,399,0
21,144,380,399,0
21,145,380,399,0
21,146,380,399,0
21,147,380,399,0
21,148,380,399,0
21,149,380,399,0
21,150,380,399,0
21,151,380,399,0
21,152,380,399,0
21,153,380,399,0
21,154,380,399,0
21,155,380,399,0
21,156,41,60,0
21,157,380,399,0
21,158,380,399,0
21,159,380,399,0
21,160,380,399,0
21,161,380,399,0
21,162,380,399,0
21,163,380,399,0
21,164,380,399,0
21,165,380,399,0
21,166,380,399,0
21,167,380,399,0
21,168,34,53,0
21,169,13,32,0
21,170,380,399,0
21,171,380,399,0
21,172,15,34,0
21,173,380,399,0
21,174,380,399,0
21,175,380,399,0
21,176,380,399,0
21,177,380,399,0
21,178,380,399,0
21,179,380,399,0
21,180,380,399,0
21,181,380,399,0
21,182,380,399,0
21,183,380,399,0
21,184,380,399,0
21,185,380,399,0
21,186,60,13,1
21,187,380,399,0
21,188,380,399,0
21,189,380,399,0
21,190,380,399,0
21,191,380,399,0
21,192,380,399,0
21,193,62,81,0
21,194,380,399,0
21,195,380,399,0
21,196,380,399,0
21,197,380,399,0
21,198,380,399,0
21,199,311,330,0
21,200,380,399,0
22,1,20,39,0
22,2,399,418,0
22,3,399,418,0
22,4,43,62,0
22,5,399,418,0
22,6,1,20,0
22,7,399,418,0
22,8,62,15,1
22,9,399,418,0
22,10,39,58,0
22,11,399,418,0
22,12,399,418,0
22,13,399,418,0
22,14,399,418,0
22,15,399,418,0
22,16,399,418,0
22,17,399,418,0
22,18,399,418,0
22,19,399,418,0
22,20,399,418,0
22,21,399,418,0
22,22,399,418,0
22,23,399,418,0
22,24,399,418,0
22,25,399,418,0
22,26,399,418,0
22,27,11,30,0
22,28,399,418,0
22,29,399,418,0
22,30,55,9,1
22,31,399,418,0
22,32,399,418,0
22,33,41,60,0
22,34,399,418,0
22,35,17,36,0
22,36,399,418,0
22,37,399,418,0
22,38,399,418,0
22,39,22,41,0
22,40,399,418,0
22,41,399,418,0
22,42,399,418,0
22,43,399,418,0
22,44,399,418,0
22,45,399,418,0
22,46,399,418,0
22,47,399,418,0
22,48,5,24,0
22,49,399,418,0
22,50,49,1,1
22,51,399,418,0
22,52,45,64,0
22,53,399,418,0
22,54,399,418,0
22,55,15,34,0
22,56,399,418,0
22,57,399,418,0
22,58,399,418,0
22,59,399,418,0
22,60,399,418,0
22,61,399,418,0
22,62,399,418,0
22,63,399,418,0
22,64,399,418,0
22,65,399,418,0
22,66,399,418,0
22,67,399,418,0
22,68,399,418,0
22,69,399,418,0
22,70,399,418,0
22,71,399,418,0
22,72,399,418,0
22,73,399,418,0
22,74,399,418,0
22,75,24,43,0
22,76,47,66,0
22,77,399,418,0
22,78,399,418,0
22,79,9,28,0
22,80,399,418,0
22,81,399,418,0
22,82,51,3,1
22,83,399,418,0
22,84,399,418,0
22,85,399,418,0
22,86,399,418,0
22,87,399,418,0
22,88,399,418,0
22,89,399,418,0
22,90,399,418,0
22,91,399,418,0
22,92,399,418,0
22,93,399,418,0
22,94,399,418,0
22,95,399,418,0
22,96,399,418,0
22,97,399,418,0
22,98,399,418,0
22,99,399,418,0
22,100,399,418,0
22,101,399,418,0
22,102,399,418,0
22,103,83,102,0
22,104,399,418,0
22,105,64,17,1
22,106,26,45,0
22,107,399,418,0
22,108,399,418,0
22,109,399,418,0
22,110,399,418,0
22,111,399,418,0
22,112,58,11,1
22,113,399,418,0
22,114,3,22,0
22,115,399,418,0
22,116,399,418,0
22,117,399,418,0
22,118,399,418,0
22,119,399,418,0
22,120,399,418,0
22,121,399,418,0
22,122,399,418,0
22,123,7,26,0
22,124,399,418,0
22,125,399,418,0
22,126,399,418,0
22,127,399,418,0
22,128,399,418,0
22,129,399,418,0
22,130,399,418,0
22,131,30,49,0
22,132,399,418,0
22,133,399,418,0
22,134,28,47,0
22,135,36,55,0
22,136,399,418,0
22,137,399,418,0
22,138,399,418,0
22,139,399,418,0
22,140,399,418,0
22,141,399,418,0
22,142,399,418,0
22,143,399,418,0
22,144,399,418,0
22,145,399,418,0
22,146,399,418,0
22,147,399,418,0
22,148,399,418,0
22,149,399,418,0
22,150,399,418,0
22,151,399,418,0
22,152,399,418,0
22,153,399,418,0
22,154,399,418,0
22,155,399,418,0
22,156,60,13,1
22,157,399,418,0
22,158,399,418,0
22,159,399,418,0
22,160,399,418,0
22,161,399,418,0
22,162,399,418,0
22,163,399,418,0
22,164,399,418,0
22,165,399,418,0
22,166,399,418,0
22,167,399,418,0
22,168,53,7,1
22,169,32,51,0
22,170,399,418,0
22,171,399,418,0
22,172,34,53,0
22,173,399,418,0
22,174,399,418,0
22,175,399,418,0
22,176,399,418,0
22,177,399,418,0
22,178,399,418,0
22,179,399,418,0
22,180,399,418,0
22,181,399,418,0
22,182,399,418,0
22,183,399,418,0
22,184,399,418,0
22,185,399,418,0
22,186,13,32,0
22,187,399,418,0
22,188,399,418,0
22,189,399,418,0
22,190,399,418,0
22,191,399,418,0
22,192,399,418,0
22,193,81,100,0
22,194,399,418,0
22,195,399,418,0
22,196,399,418,0
22,197,399,418,0
22,198,399,418,0
22,199,330,5,1
22,200,399,418,0
23,1,39,58,0
23,2,418,437,0
23,3,418,437,0
23,4,62,13,1
23,5,418,437,0
23,6,20,39,0
23,7,418,437,0
23,8,15,34,0
23,9,418,437,0
23,10,58,9,1
23,11,418,437,0
23,12,418,437,0
23,13,418,437,0
23,14,418,437,0
23,15,418,437,0
23,16,418,437,0
23,17,418,437,0
23,18,418,437,0
23,19,418,437,0
23,20,418,437,0
23,21,418,437,0
23,22,418,437,0
23,23,418,437,0
23,24,418,437,0
23,25,418,437,0
23,26,418,437,0
23,27,30,49,0
23,28,418,437,0
23,29,418,437,0
23,30,9,28,0
23,31,418,437,0
23,32,418,437,0
23,33,60,11,1
23,34,418,437,0
23,35,36,55,0
23,36,418,437,0
23,37,418,437,0
23,38,418,437,0
23,39,41,60,0
23,40,418,437,0
23,41,418,437,0
23,42,418,437,0
23,43,418,437,0
23,44,418,437,0
23,45,418,437,0
23,46,418,437,0
23,47,418,437,0
23,48,24,43,0
23,49,418,437,0
23,50,1,20,0
23,51,418,437,0
23,52,64,15,1
23,53,418,437,0
23,54,418,437,0
23,55,34,53,0
23,56,418,437,0
23,57,418,437,0
23,58,418,437,0
23,59,418,437,0
23,60,418,437,0
23,61,418,437,0
23,62,418,437,0
23,63,418,437,0
23,64,418,437,0
23,65,418,437,0
23,66,418,437,0
23,67,418,437,0
23,68,418,437,0
23,69,418,437,0
23,70,418,437,0
23,71,418,437,0
23,72,418,437,0
23,73,418,437,0
23,74,418,437,0
23,75,43,62,0
23,76,66,17,1
23,77,418,437,0
23,78,418,437,0
23,79,28,47,0
23,80,418,437,0
23,81,418,437,0
23,82,3,22,0
23,83,418,437,0
23,84,418,437,0
23,85,418,437,0
23,86,418,437,0
23,87,418,437,0
23,88,418,437,0
23,89,418,437,0
23,90,418,437,0
23,91,418,437,0
23,92,418,437,0
23,93,418,437,0
23,94,418,437,0
23,95,418,437,0
23,96,418,437,0
23,97,418,437,0
23,98,418,437,0
23,99,418,437,0
23,100,418,437,0
23,101,418,437,0
23,102,418,437,0
23,103,102,121,0
23,104,418,437,0
23,105,17,36,0
23,106,45,64,0
23,107,418,437,0
23,108,418,437,0
23,109,418,437,0
23,110,418,437,0
23,111,418,437,0
23,112,11,30,0
23,113,418,437,0
23,114,22,41,0
23,115,418,437,0
23,116,418,437,0
23,117,418,437,0
23,118,418,437,0
23,119,418,437,0
23,120,418,437,0
23,121,418,437,0
23,122,418,437,0
23,123,26,45,0
23,124,418,437,0
23,125,418,437,0
23,126,418,437,0
23,127,418,437,0
23,128,418,437,0
23,129,418,437,0
23,130,418,437,0
23,131,49,3,1
23,132,418,437,0
23,133,418,437,0
23,134,47,1,1
23,135,55,7,1
23,136,418,437,0
23,137,418,437,0
23,138,418,437,0
23,139,418,437,0
23,140,418,437,0
23,141,418,437,0
23,142,418,437,0
23,143,418,437,0
23,144,418,437,0
23,145,418,437,0
23,146,418,437,0
23,147,418,437,0
23,148,418,437,0
23,149,418,437,0
23,150,418,437,0
23,151,418,437,0
23,152,418,437,0
23,153,418,437,0
23,154,418,437,0
23,155,418,437,0
23,156,13,32,0
23,157,418,437,0
23,158,418,437,0
23,159,418,437,0
23,160,418,437,0
23,161,418,437,0
23,162,418,437,0
23,163,418,437,0
23,164,418,437,0
23,165,418,437,0
23,166,418,437,0
23,167,418,437,0
23,168,7,26,0
23,169,51,5,1
23,170,418,437,0
23,171,418,437,0
23,172,53,72,0
23,173,418,437,0
23,174,418,437,0
23,175,418,437,0
23,176,418,437,0
23,177,418,437,0
23,178,418,437,0
23,179,418,437,0
23,180,418,437,0
23,181,418,437,0
23,182,418,437,0
23,183,418,437,0
23,184,418,437,0
23,185,418,437,0
23,186,32,51,0
23,187,418,437,0
23,188,418,437,0
23,189,418,437,0
23,190,418,437,0
23,191,418,437,0
23,192,418,437,0
23,193,100,119,0
23,194,418,437,0
23,195,418,437,0
23,196,418,437,0
23,197,418,437,0
23,198,418,437,0
23,199,5,24,0
23,200,418,437,0
24,1,58,11,1
24,2,437,456,0
24,3,437,456,0
24,4,13,32,0
24,5,437,456,0
24,6,39,58,0
24,7,437,456,0
24,8,34,53,0
24,9,437,456,0
24,10,9,28,0
24,11,437,456,0
24,12,437,456,0
24,13,437,456,0
24,14,437,456,0
24,15,437,456,0
24,16,437,456,0
24,17,437,456,0
24,18,437,456,0
24,19,437,456,0
24,20,437,456,0
24,21,437,456,0
24,22,437,456,0
24,23,437,456,0
24,24,437,456,0
24,25,437,456,0
24,26,437,456,0
24,27,49,68,0
24,28,437,456,0
24,29,437,456,0
24,30,28,47,0
24,31,437,456,0
24,32,437,456,0
24,33,11,30,0
24,34,437,456,0
24,35,55,3,1
24,36,437,456,0
24,37,437,456,0
24,38,437,456,0
24,39,60,13,1
24,40,437,456,0
24,41,437,456,0
24,42,437,456,0
24,43,437,456,0
24,44,437,456,0
24,45,437,456,0
24,46,437,456,0
24,47,437,456,0
24,48,43,62,0
24,49,437,456,0
24,50,20,39,0
24,51,437,456,0
24,52,15,34,0
24,53,437,456,0
24,54,437,456,0
24,55,53,1,1
24,56,437,456,0
24,57,437,456,0
24,58,437,456,0
24,59,437,456,0
24,60,437,456,0
24,61,437,456,0
24,62,437,456,0
24,63,437,456,0
24,64,437,456,0
24,65,437,456,0
24,66,437,456,0
24,67,437,456,0
24,68,437,456,0
24,69,437,456,0
24,70,437,456,0
24,71,437,456,0
24,72,437,456,0
24,73,437,456,0
24,74,437,456,0
24,75,62,15,1
24,76,17,36,0
24,77,437,456,0
24,78,437,456,0
24,79,47,66,0
24,80,437,456,0
24,81,437,456,0
24,82,22,41,0
24,83,437,456,0
24,84,437,456,0
24,85,437,456,0
24,86,437,456,0
24,87,437,456,0
24,88,437,456,0
24,89,437,456,0
24,90,437,456,0
24,91,437,456,0
24,92,437,456,0
24,93,437,456,0
24,94,437,456,0
24,95,437,456,0
24,96,437,456,0
24,97,437,456,0
24,98,437,456,0
24,99,437,456,0
24,100,437,456,0
24,101,437,456,0
24,102,437,456,0
24,103,121,9,1
24,104,437,456,0
24,105,36,55,0
24,106,64,17,1
24,107,437,456,0
24,108,437,456,0
24,109,437,456,0
24,110,437,456,0
24,111,437,456,0
24,112,30,49,0
24,113,437,456,0
24,114,41,60,0
24,115,437,456,0
24,116,437,456,0
24,117,437,456,0
24,118,437,456,0
24,119,437,456,0
24,120,437,456,0
24,121,437,456,0
24,122,437,456,0
24,123,45,64,0
24,124,437,456,0
24,125,437,456,0
24,126,437,456,0
24,127,437,456,0
24,128,437,456,0
24,129,437,456,0
24,130,437,456,0
24,131,3,22,0
24,132,437,456,0
24,133,437,456,0
24,134,1,20,0
24,135,7,26,0
24,136,437,456,0
24,137,437,456,0
24,138,437,456,0
24,139,437,456,0
24,140,437,456,0
24,141,437,456,0
24,142,437,456,0
24,143,437,456,0
24,144,437,456,0
24,145,437,456,0
24,146,437,456,0
24,147,437,456,0
24,148,437,456,0
24,149,437,456,0
24,150,437,456,0
24,151,437,456,0
24,152,437,456,0
24,153,437,456,0
24,154,437,456,0
24,155,437,456,0
24,156,32,51,0
24,157,437,456,0
24,158,437,456,0
24,159,437,456,0
24,160,437,456,0
24,161,437,456,0
24,162,437,456,0
24,163,437,456,0
24,164,437,456,0
24,165,437,456,0
24,166,437,456,0
24,167,437,456,0
24,168,26,45,0
24,169,5,24,0
24,170,437,456,0
24,171,437,456,0
24,172,72,5,1
24,173,437,456,0
24,174,437,456,0
24,175,437,456,0
24,176,437,456,0
24,177,437,456,0
24,178,437,456,0
24,179,437,456,0
24,180,437,456,0
24,181,437,456,0
24,182,437,456,0
24,183,437,456,0
24,184,437,456,0
24,185,437,456,0
24,186,51,70,0
24,187,437,456,0
24,188,437,456,0
24,189,437,456,0
24,190,437,456,0
24,191,437,456,0
24,192,437,456,0
24,193,119,7,1
24,194,437,456,0
24,195,437,456,0
24,196,437,456,0
24,197,437,456,0
24,198,437,456,0
24,199,24,43,0
24,200,437,456,0
25,1,11,30,0
25,2,456,475,0
25,3,456,475,0
25,4,32,51,0
25,5,456,475,0
25,6,58,7,1
25,7,456,475,0
25,8,53,3,1
25,9,456,475,0
25,10,28,47,0
25,11,456,475,0
25,12,456,475,0
25,13,456,475,0
25,14,456,475,0
25,15,456,475,0
25,16,456,475,0
25,17,456,475,0
25,18,456,475,0
25,19,456,475,0
25,20,456,475,0
25,21,456,475,0
25,22,456,475,0
25,23,456,475,0
25,24,456,475,0
25,25,456,475,0
25,26,456,475,0
25,27,68,15,1
25,28,456,475,0
25,29,456,475,0
25,30,47,66,0
25,31,456,475,0
25,32,456,475,0
25,33,30,49,0
25,34,456,475,0
25,35,3,22,0
25,36,456,475,0
25,37,456,475,0
25,38,456,475,0
25,39,13,32,0
25,40,456,475,0
25,41,456,475,0
25,42,456,475,0
25,43,456,475,0
25,44,456,475,0
25,45,456,475,0
25,46,456,475,0
25,47,456,475,0
25,48,62,11,1
25,49,456,475,0
25,50,39,58,0
25,51,456,475,0
25,52,34,53,0
25,53,456,475,0
25,54,456,475,0
25,55,1,20,0
25,56,456,475,0
25,57,456,475,0
25,58,456,475,0
25,59,456,475,0
25,60,456,475,0
25,61,456,475,0
25,62,456,475,0
25,63,456,475,0
25,64,456,475,0
25,65,456,475,0
25,66,456,475,0
25,67,456,475,0
25,68,456,475,0
25,69,456,475,0
25,70,456,475,0
25,71,456,475,0
25,72,456,475,0
25,73,456,475,0
25,74,456,475,0
25,75,15,34,0
25,76,36,55,0
25,77,456,475,0
25,78,456,475,0
25,79,66,13,1
25,80,456,475,0
25,81,456,475,0
25,82,41,60,0
25,83,456,475,0
25,84,456,475,0
25,85,456,475,0
25,86,456,475,0
25,87,456,475,0
25,88,456,475,0
25,89,456,475,0
25,90,456,475,0
25,91,456,475,0
25,92,456,475,0
25,93,456,475,0
25,94,456,475,0
25,95,456,475,0
25,96,456,475,0
25,97,456,475,0
25,98,456,475,0
25,99,456,475,0
25,100,456,475,0
25,101,456,475,0
25,102,456,475,0
25,103,9,28,0
25,104,456,475,0
25,105,55,5,1
25,106,17,36,0
25,107,456,475,0
25,108,456,475,0
25,109,456,475,0
25,110,456,475,0
25,111,456,475,0
25,112,49,68,0
25,113,456,475,0
25,114,60,9,1
25,115,456,475,0
25,116,456,475,0
25,117,456,475,0
25,118,456,475,0
25,119,456,475,0
25,120,456,475,0
25,121,456,475,0
25,122,456,475,0
25,123,64,83,0
25,124,456,475,0
25,125,456,475,0
25,126,456,475,0
25,127,456,475,0
25,128,456,475,0
25,129,456,475,0
25,130,456,475,0
25,131,22,41,0
25,132,456,475,0
25,133,456,475,0
25,134,20,39,0
25,135,26,45,0
25,136,456,475,0
25,137,456,475,0
25,138,456,475,0
25,139,456,475,0
25,140,456,475,0
25,141,456,475,0
25,142,456,475,0
25,143,456,475,0
25,144,456,475,0
25,145,456,475,0
25,146,456,475,0
25,147,456,475,0
25,148,456,475,0
25,149,456,475,0
25,150,456,475,0
25,151,456,475,0
25,152,456,475,0
25,153,456,475,0
25,154,456,475,0
25,155,456,475,0
25,156,51,1,1
25,157,456,475,0
25,158,456,475,0
25,159,456,475,0
25,160,456,475,0
25,161,456,475,0
25,162,456,475,0
25,163,456,475,0
25,164,456,475,0
25,165,456,475,0
25,166,456,475,0
25,167,456,475,0
25,168,45,64,0
25,169,24,43,0
25,170,456,475,0
25,171,456,475,0
25,172,5,24,0
25,173,456,475,0
25,174,456,475,0
25,175,456,475,0
25,176,456,475,0
25,177,456,475,0
25,178,456,475,0
25,179,456,475,0
25,180,456,475,0
25,181,456,475,0
25,182,456,475,0
25,183,456,475,0
25,184,456,475,0
25,185,456,475,0
25,186,70,17,1
25,187,456,475,0
25,188,456,475,0
25,189,456,475,0
25,190,456,475,0
25,191,456,475,0
25,192,456,475,0
25,193,7,26,0
25,194,456,475,0
25,195,456,475,0
25,196,456,475,0
25,197,456,475,0
25,198,456,475,0
25,199,43,62,0
25,200,456,475,0
26,1,30,49,0
26,2,475,494,0
26,3,475,494,0
26,4,51,5,1
26,5,475,494,0
26,6,7,26,0
26,7,475,494,0
26,8,3,22,0
26,9,475,494,0
26,10,47,1,1
26,11,475,494,0
26,12,475,494,0
26,13,475,494,0
26,14,475,494,0
26,15,475,494,0
26,16,475,494,0
26,17,475,494,0
26,18,475,494,0
26,19,475,494,0
26,20,475,494,0
26,21,475,494,0
26,22,475,494,0
26,23,475,494,0
26,24,475,494,0
26,25,475,494,0
26,26,475,494,0
26,27,15,34,0
26,28,475,494,0
26,29,475,494,0
26,30,66,15,1
26,31,475,494,0
26,32,475,494,0
26,33,49,3,1
26,34,475,494,0
26,35,22,41,0
26,36,475,494,0
26,37,475,494,0
26,38,475,494,0
26,39,32,51,0
26,40,475,494,0
26,41,475,494,0
26,42,475,494,0
26,43,475,494,0
26,44,475,494,0
26,45,475,494,0
26,46,475,494,0
26,47,475,494,0
26,48,11,30,0
26,49,475,494,0
26,50,58,77,0
26,51,475,494,0
26,52,53,7,1
26,53,475,494,0
26,54,475,494,0
26,55,20,39,0
26,56,475,494,0
26,57,475,494,0
26,58,475,494,0
26,59,475,494,0
26,60,475,494,0
26,61,475,494,0
26,62,475,494,0
26,63,475,494,0
26,64,475,494,0
26,65,475,494,0
26,66,475,494,0
26,67,475,494,0
26,68,475,494,0
26,69,475,494,0
26,70,475,494,0
26,71,475,494,0
26,72,475,494,0
26,73,475,494,0
26,74,475,494,0
26,75,34,53,0
26,76,55,9,1
26,77,475,494,0
26,78,475,494,0
26,79,13,32,0
26,80,475,494,0
26,81,475,494,0
26,82,60,11,1
26,83,475,494,0
26,84,475,494,0
26,85,475,494,0
26,86,475,494,0
26,87,475,494,0
26,88,475,494,0
26,89,475,494,0
26,90,475,494,0
26,91,475,494,0
26,92,475,494,0
26,93,475,494,0
26,94,475,494,0
26,95,475,494,0
26,96,475,494,0
26,97,475,494,0
26,98,475,494,0
26,99,475,494,0
26,100,475,494,0
26,101,475,494,0
26,102,475,494,0
26,103,28,47,0
26,104,475,494,0
26,105,5,24,0
26,106,36,55,0
26,107,475,494,0
26,108,475,494,0
26,109,475,494,0
26,110,475,494,0
26,111,475,494,0
26,112,68,17,1
26,113,475,494,0
26,114,9,28,0
26,115,475,494,0
26,116,475,494,0
26,117,475,494,0
26,118,475,494,0
26,119,475,494,0
26,120,475,494,0
26,121,475,494,0
26,122,475,494,0
26,123,83,13,1
26,124,475,494,0
26,125,475,494,0
26,126,475,494,0
26,127,475,494,0
26,128,475,494,0
26,129,475,494,0
26,130,475,494,0
26,131,41,60,0
26,132,475,494,0
26,133,475,494,0
26,134,39,58,0
26,135,45,64,0
26,136,475,494,0
26,137,475,494,0
26,138,475,494,0
26,139,475,494,0
26,140,475,494,0
26,141,475,494,0
26,142,475,494,0
26,143,475,494,0
26,144,475,494,0
26,145,475,494,0
26,146,475,494,0
26,147,475,494,0
26,148,475,494,0
26,149,475,494,0
26,150,475,494,0
26,151,475,494,0
26,152,475,494,0
26,153,475,494,0
26,154,475,494,0
26,155,475,494,0
26,156,1,20,0
26,157,475,494,0
26,158,475,494,0
26,159,475,494,0
26,160,475,494,0
26,161,475,494,0
26,162,475,494,0
26,163,475,494,0
26,164,475,494,0
26,165,475,494,0
26,166,475,494,0
26,167,475,494,0
26,168,64,83,0
26,169,43,62,0
26,170,475,494,0
26,171,475,494,0
26,172,24,43,0
26,173,475,494,0
26,174,475,494,0
26,175,475,494,0
26,176,475,494,0
26,177,475,494,0
26,178,475,494,0
26,179,475,494,0
26,180,475,494,0
26,181,475,494,0
26,182,475,494,0
26,183,475,494,0
26,184,475,494,0
26,185,475,494,0
26,186,17,36,0
26,187,475,494,0
26,188,475,494,0
26,189,475,494,0
26,190,475,494,0
26,191,475,494,0
26,192,475,494,0
26,193,26,45,0
26,194,475,494,0
26,195,475,494,0
26,196,475,494,0
26,197,475,494,0
26,198,475,494,0
26,199,62,81,0
26,200,475,494,0
27,1,49,1,1
27,2,494,513,0
27,3,494,513,0
27,4,5,24,0
27,5,494,513,0
27,6,26,45,0
27,7,494,513,0
27,8,22,41,0
27,9,494,513,0
27,10,1,20,0
27,11,494,513,0
27,12,494,513,0
27,13,494,513,0
27,14,494,513,0
27,15,494,513,0
27,16,494,513,0
27,17,494,513,0
27,18,494,513,0
27,19,494,513,0
27,20,494,513,0
27,21,494,513,0
27,22,494,513,0
27,23,494,513,0
27,24,494,513,0
27,25,494,513,0
27,26,494,513,0
27,27,34,53,0
27,28,494,513,0
27,29,494,513,0
27,30,15,34,0
27,31,494,513,0
27,32,494,513,0
27,33,3,22,0
27,34,494,513,0
27,35,41,60,0
27,36,494,513,0
27,37,494,513,0
27,38,494,513,0
27,39,51,3,1
27,40,494,513,0
27,41,494,513,0
27,42,494,513,0
27,43,494,513,0
27,44,494,513,0
27,45,494,513,0
27,46,494,513,0
27,47,494,513,0
27,48,30,49,0
27,49,494,513,0
27,50,77,17,1
27,51,494,513,0
27,52,7,26,0
27,53,494,513,0
27,54,494,513,0
27,55,39,58,0
27,56,494,513,0
27,57,494,513,0
27,58,494,513,0
27,59,494,513,0
27,60,494,513,0
27,61,494,513,0
27,62,494,513,0
27,63,494,513,0
27,64,494,513,0
27,65,494,513,0
27,66,494,513,0
27,67,494,513,0
27,68,494,513,0
27,69,494,513,0
27,70,494,513,0
27,71,494,513,0
27,72,494,513,0
27,73,494,513,0
27,74,494,513,0
27,75,53,5,1
27,76,9,28,0
27,77,494,513,0
27,78,494,513,0
27,79,32,51,0
27,80,494,513,0
27,81,494,513,0
27,82,11,30,0
27,83,494,513,0
27,84,494,513,0
27,85,494,513,0
27,86,494,513,0
27,87,494,513,0
27,88,494,513,0
27,89,494,513,0
27,90,494,513,0
27,91,494,513,0
27,92,494,513,0
27,93,494,513,0
27,94,494,513,0
27,95,494,513,0
27,96,494,513,0
27,97,494,513,0
27,98,494,513,0
27,99,494,513,0
27,100,494,513,0
27,101,494,513,0
27,102,494,513,0
27,103,47,66,0
27,104,494,513,0
27,105,24,43,0
27,106,55,7,1
27,107,494,513,0
27,108,494,513,0
27,109,494,513,0
27,110,494,513,0
27,111,494,513,0
27,112,17,36,0
27,113,494,513,0
27,114,28,47,0
27,115,494,513,0
27,116,494,513,0
27,117,494,513,0
27,118,494,513,0
27,119,494,513,0
27,120,494,513,0
27,121,494,513,0
27,122,494,513,0
27,123,13,32,0
27,124,494,513,0
27,125,494,513,0
27,126,494,513,0
27,127,494,513,0
27,128,494,513,0
27,129,494,513,0
27,130,494,513,0
27,131,60,11,1
27,132,494,513,0
27,133,494,513,0
27,134,58,9,1
27,135,64,15,1
27,136,494,513,0
27,137,494,513,0
27,138,494,513,0
27,139,494,513,0
27,140,494,513,0
27,141,494,513,0
27,142,494,513,0
27,143,494,513,0
27,144,494,513,0
27,145,494,513,0
27,146,494,513,0
27,147,494,513,0
27,148,494,513,0
27,149,494,513,0
27,150,494,513,0
27,151,494,513,0
27,152,494,513,0
27,153,494,513,0
27,154,494,513,0
27,155,494,513,0
27,156,20,39,0
27,157,494,513,0
27,158,494,513,0
27,159,494,513,0
27,160,494,513,0
27,161,494,513,0
27,162,494,513,0
27,163,494,513,0
27,164,494,513,0
27,165,494,513,0
27,166,494,513,0
27,167,494,513,0
27,168,83,102,0
27,169,62,13,1
27,170,494,513,0
27,171,494,513,0
27,172,43,62,0
27,173,494,513,0
27,174,494,513,0
27,175,494,513,0
27,176,494,513,0
27,177,494,513,0
27,178,494,513,0
27,179,494,513,0
27,180,494,513,0
27,181,494,513,0
27,182,494,513,0
27,183,494,513,0
27,184,494,513,0
27,185,494,513,0
27,186,36,55,0
27,187,494,513,0
27,188,494,513,0
27,189,494,513,0
27,190,494,513,0
27,191,494,513,0
27,192,494,513,0
27,193,45,64,0
27,194,494,513,0
27,195,494,513,0
27,196,494,513,0
27,197,494,513,0
27,198,494,513,0
27,199,81,100,0
27,200,494,513,0
28,1,1,20,0
28,2,513,532,0
28,3,513,532,0
28,4,24,43,0
28,5,513,532,0
28,6,45,1,1
28,7,513,532,0
28,8,41,60,0
28,9,513,532,0
28,10,20,39,0
28,11,513,532,0
28,12,513,532,0
28,13,513,532,0
28,14,513,532,0
28,15,513,532,0
28,16,513,532,0
28,17,513,532,0
28,18,513,532,0
28,19,513,532,0
28,20,513,532,0
28,21,513,532,0
28,22,513,532,0
28,23,513,532,0
28,24,513,532,0
28,25,513,532,0
28,26,513,532,0
28,27,53,9,1
28,28,513,532,0
28,29,513,532,0
28,30,34,53,0
28,31,513,532,0
28,32,513,532,0
28,33,22,41,0
28,34,513,532,0
28,35,60,17,1
28,36,513,532,0
28,37,513,532,0
28,38,513,532,0
28,39,3,22,0
28,40,513,532,0
28,41,513,532,0
28,42,513,532,0
28,43,513,532,0
28,44,513,532,0
28,45,513,532,0
28,46,513,532,0
28,47,513,532,0
28,48,49,5,1
28,49,513,532,0
28,50,17,36,0
28,51,513,532,0
28,52,26,45,0
28,53,513,532,0
28,54,513,532,0
28,55,58,13,1
28,56,513,532,0
28,57,513,532,0
28,58,513,532,0
28,59,513,532,0
28,60,513,532,0
28,61,513,532,0
28,62,513,532,0
28,63,513,532,0
28,64,513,532,0
28,65,513,532,0
28,66,513,532,0
28,67,513,532,0
28,68,513,532,0
28,69,513,532,0
28,70,513,532,0
28,71,513,532,0
28,72,513,532,0
28,73,513,532,0
28,74,513,532,0
28,75,5,24,0
28,76,28,47,0
28,77,513,532,0
28,78,513,532,0
28,79,51,7,1
28,80,513,532,0
28,81,513,532,0
28,82,30,49,0
28,83,513,532,0
28,84,513,532,0
28,85,513,532,0
28,86,513,532,0
28,87,513,532,0
28,88,513,532,0
28,89,513,532,0
28,90,513,532,0
28,91,513,532,0
28,92,513,532,0
28,93,513,532,0
28,94,513,532,0
28,95,513,532,0
28,96,513,532,0
28,97,513,532,0
28,98,513,532,0
28,99,513,532,0
28,100,513,532,0
28,101,513,532,0
28,102,513,532,0
28,103,66,85,0
28,104,513,532,0
28,105,43,62,0
28,106,7,26,0
28,107,513,532,0
28,108,513,532,0
28,109,513,532,0
28,110,513,532,0
28,111,513,532,0
28,112,36,55,0
28,113,513,532,0
28,114,47,3,1
28,115,513,532,0
28,116,513,532,0
28,117,513,532,0
28,118,513,532,0
28,119,513,532,0
28,120,513,532,0
28,121,513,532,0
28,122,513,532,0
28,123,32,51,0
28,124,513,532,0
28,125,513,532,0
28,126,513,532,0
28,127,513,532,0
28,128,513,532,0
28,129,513,532,0
28,130,513,532,0
28,131,11,30,0
28,132,513,532,0
28,133,513,532,0
28,134,9,28,0
28,135,15,34,0
28,136,513,532,0
28,137,513,532,0
28,138,513,532,0
28,139,513,532,0
28,140,513,532,0
28,141,513,532,0
28,142,513,532,0
28,143,513,532,0
28,144,513,532,0
28,145,513,532,0
28,146,513,532,0
28,147,513,532,0
28,148,513,532,0
28,149,513,532,0
28,150,513,532,0
28,151,513,532,0
28,152,513,532,0
28,153,513,532,0
28,154,513,532,0
28,155,513,532,0
28,156,39,58,0
28,157,513,532,0
28,158,513,532,0
28,159,513,532,0
28,160,513,532,0
28,161,513,532,0
28,162,513,532,0
28,163,513,532,0
28,164,513,532,0
28,165,513,532,0
28,166,513,532,0
28,167,513,532,0
28,168,102,15,1
28,169,13,32,0
28,170,513,532,0
28,171,513,532,0
28,172,62,81,0
28,173,513,532,0
28,174,513,532,0
28,175,513,532,0
28,176,513,532,0
28,177,513,532,0
28,178,513,532,0
28,179,513,532,0
28,180,513,532,0
28,181,513,532,0
28,182,513,532,0
28,183,513,532,0
28,184,513,532,0
28,185,513,532,0
28,186,55,11,1
28,187,513,532,0
28,188,513,532,0
28,189,513,532,0
28,190,513,532,0
28,191,513,532,0
28,192,513,532,0
28,193,64,83,0
28,194,513,532,0
28,195,513,532,0
28,196,513,532,0
28,197,513,532,0
28,198,513,532,0
28,199,100,119,0
28,200,513,532,0
29,1,20,39,0
29,2,532,551,0
29,3,532,551,0
29,4,43,62,0
29,5,532,551,0
29,6,1,20,0
29,7,532,551,0
29,8,60,15,1
29,9,532,551,0
29,10,39,58,0
29,11,532,551,0
29,12,532,551,0
29,13,532,551,0
29,14,532,551,0
29,15,532,551,0
29,16,532,551,0
29,17,532,551,0
29,18,532,551,0
29,19,532,551,0
29,20,532,551,0
29,21,532,551,0
29,22,532,551,0
29,23,532,551,0
29,24,532,551,0
29,25,532,551,0
29,26,532,551,0
29,27,9,28,0
29,28,532,551,0
29,29,532,551,0
29,30,53,9,1
29,31,532,551,0
29,32,532,551,0
29,33,41,60,0
29,34,532,551,0
29,35,17,36,0
29,36,532,551,0
29,37,532,551,0
29,38,532,551,0
29,39,22,41,0
29,40,532,551,0
29,41,532,551,0
29,42,532,551,0
29,43,532,551,0
29,44,532,551,0
29,45,532,551,0
29,46,532,551,0
29,47,532,551,0
29,48,5,24,0
29,49,532,551,0
29,50,36,55,0
29,51,532,551,0
29,52,45,1,1
29,53,532,551,0
29,54,532,551,0
29,55,13,32,0
29,56,532,551,0
29,57,532,551,0
29,58,532,551,0
29,59,532,551,0
29,60,532,551,0
29,61,532,551,0
29,62,532,551,0
29,63,532,551,0
29,64,532,551,0
29,65,532,551,0
29,66,532,551,0
29,67,532,551,0
29,68,532,551,0
29,69,532,551,0
29,70,532,551,0
29,71,532,551,0
29,72,532,551,0
29,73,532,551,0
29,74,532,551,0
29,75,24,43,0
29,76,47,3,1
29,77,532,551,0
29,78,532,551,0
29,79,7,26,0
29,80,532,551,0
29,81,532,551,0
29,82,49,5,1
29,83,532,551,0
29,84,532,551,0
29,85,532,551,0
29,86,532,551,0
29,87,532,551,0
29,88,532,551,0
29,89,532,551,0
29,90,532,551,0
29,91,532,551,0
29,92,532,551,0
29,93,532,551,0
29,94,532,551,0
29,95,532,551,0
29,96,532,551,0
29,97,532,551,0
29,98,532,551,0
29,99,532,551,0
29,100,532,551,0
29,101,532,551,0
29,102,532,551,0
29,103,85,104,0
29,104,532,551,0
29,105,62,17,1
29,106,26,45,0
29,107,532,551,0
29,108,532,551,0
29,109,532,551,0
29,110,532,551,0
29,111,532,551,0
29,112,55,11,1
29,113,532,551,0
29,114,3,22,0
29,115,532,551,0
29,116,532,551,0
29,117,532,551,0
29,118,532,551,0
29,119,532,551,0
29,120,532,551,0
29,121,532,551,0
29,122,532,551,0
29,123,51,7,1
29,124,532,551,0
29,125,532,551,0
29,126,532,551,0
29,127,532,551,0
29,128,532,551,0
29,129,532,551,0
29,130,532,551,0
29,131,30,49,0
29,132,532,551,0
29,133,532,551,0
29,134,28,47,0
29,135,34,53,0
29,136,532,551,0
29,137,532,551,0
29,138,532,551,0
29,139,532,551,0
29,140,532,551,0
29,141,532,551,0
29,142,532,551,0
29,143,532,551,0
29,144,532,551,0
29,145,532,551,0
29,146,532,551,0
29,147,532,551,0
29,148,532,551,0
29,149,532,551,0
29,150,532,551,0
29,151,532,551,0
29,152,532,551,0
29,153,532,551,0
29,154,532,551,0
29,155,532,551,0
29,156,58,13,1
29,157,532,551,0
29,158,532,551,0
29,159,532,551,0
29,160,532,551,0
29,161,532,551,0
29,162,532,551,0
29,163,532,551,0
29,164,532,551,0
29,165,532,551,0
29,166,532,551,0
29,167,532,551,0
29,168,15,34,0
29,169,32,51,0
29,170,532,551,0
29,171,532,551,0
29,172,81,100,0
29,173,532,551,0
29,174,532,551,0
29,175,532,551,0
29,176,532,551,0
29,177,532,551,0
29,178,532,551,0
29,179,532,551,0
29,180,532,551,0
29,181,532,551,0
29,182,532,551,0
29,183,532,551,0
29,184,532,551,0
29,185,532,551,0
29,186,11,30,0
29,187,532,551,0
29,188,532,551,0
29,189,532,551,0
29,190,532,551,0
29,191,532,551,0
29,192,532,551,0
29,193,83,102,0
29,194,532,551,0
29,195,532,551,0
29,196,532,551,0
29,197,532,551,0
29,198,532,551,0
29,199,119,138,0
29,200,532,551,0
30,1,39,58,0
30,2,551,570,0
30,3,551,570,0
30,4,62,17,1
30,5,551,570,0
30,6,20,39,0
30,7,551,570,0
30,8,15,34,0
30,9,551,570,0
30,10,58,13,1
30,11,551,570,0
30,12,551,570,0
30,13,551,570,0
30,14,551,570,0
30,15,551,570,0
30,16,551,570,0
30,17,551,570,0
30,18,551,570,0
30,19,551,570,0
30,20,551,570,0
30,21,551,570,0
30,22,551,570,0
30,23,551,570,0
30,24,551,570,0
30,25,551,570,0
30,26,551,570,0
30,27,28,47,0
30,28,551,570,0
30,29,551,570,0
30,30,9,28,0
30,31,551,570,0
30,32,551,570,0
30,33,60,15,1
30,34,551,570,0
30,35,36,55,0
30,36,551,570,0
30,37,551,570,0
30,38,551,570,0
30,39,41,60,0
30,40,551,570,0
30,41,551,570,0
30,42,551,570,0
30,43,551,570,0
30,44,551,570,0
30,45,551,570,0
30,46,551,570,0
30,47,551,570,0
30,48,24,43,0
30,49,551,570,0
30,50,55,11,1
30,51,551,570,0
30,52,1,20,0
30,53,551,570,0
30,54,551,570,0
30,55,32,51,0
30,56,551,570,0
30,57,551,570,0
30,58,551,570,0
30,59,551,570,0
30,60,551,570,0
30,61,551,570,0
30,62,551,570,0
30,63,551,570,0
30,64,551,570,0
30,65,551,570,0
30,66,551,570,0
30,67,551,570,0
30,68,551,570,0
30,69,551,570,0
30,70,551,570,0
30,71,551,570,0
30,72,551,570,0
30,73,551,570,0
30,74,551,570,0
30,75,43,62,0
30,76,3,22,0
30,77,551,570,0
30,78,551,570,0
30,79,26,45,0
30,80,551,570,0
30,81,551,570,0
30,82,5,24,0
30,83,551,570,0
30,84,551,570,0
30,85,551,570,0
30,86,551,570,0
30,87,551,570,0
30,88,551,570,0
30,89,551,570,0
30,90,551,570,0
30,91,551,570,0
30,92,551,570,0
30,93,551,570,0
30,94,551,570,0
30,95,551,570,0
30,96,551,570,0
30,97,551,570,0
30,98,551,570,0
30,99,551,570,0
30,100,551,570,0
30,101,551,570,0
30,102,551,570,0
30,103,104,123,0
30,104,551,570,0
30,105,17,36,0
30,106,45,64,0
30,107,551,570,0
30,108,551,570,0
30,109,551,570,0
30,110,551,570,0
30,111,551,570,0
30,112,11,30,0
30,113,551,570,0
30,114,22,41,0
30,115,551,570,0
30,116,551,570,0
30,117,551,570,0
30,118,551,570,0
30,119,551,570,0
30,120,551,570,0
30,121,551,570,0
30,122,551,570,0
30,123,7,26,0
30,124,551,570,0
30,125,551,570,0
30,126,551,570,0
30,127,551,570,0
30,128,551,570,0
30,129,551,570,0
30,130,551,570,0
30,131,49,3,1
30,132,551,570,0
30,133,551,570,0
30,134,47,1,1
30,135,53,7,1
30,136,551,570,0
30,137,551,570,0
30,138,551,570,0
30,139,551,570,0
30,140,551,570,0
30,141,551,570,0
30,142,551,570,0
30,143,551,570,0
30,144,551,570,0
30,145,551,570,0
30,146,551,570,0
30,147,551,570,0
30,148,551,570,0
30,149,551,570,0
30,150,551,570,0
30,151,551,570,0
30,152,551,570,0
30,153,551,570,0
30,154,551,570,0
30,155,551,570,0
30,156,13,32,0
30,157,551,570,0
30,158,551,570,0
30,159,551,570,0
30,160,551,570,0
30,161,551,570,0
30,162,551,570,0
30,163,551,570,0
30,164,551,570,0
30,165,551,570,0
30,166,551,570,0
30,167,551,570,0
30,168,34,53,0
30,169,51,5,1
30,170,551,570,0
30,171,551,570,0
30,172,100,9,1
30,173,551,570,0
30,174,551,570,0
30,175,551,570,0
30,176,551,570,0
30,177,551,570,0
30,178,551,570,0
30,179,551,570,0
30,180,551,570,0
30,181,551,570,0
30,182,551,570,0
30,183,551,570,0
30,184,551,570,0
30,185,551,570,0
30,186,30,49,0
30,187,551,570,0
30,188,551,570,0
30,189,551,570,0
30,190,551,570,0
30,191,551,570,0
30,192,551,570,0
30,193,102,121,0
30,194,551,570,0
30,195,551,570,0
30,196,551,570,0
30,197,551,570,0
30,198,551,570,0
30,199,138,157,0
30,200,551,570,0
